0 0 1 1 1 1 2 2 3 3 3 4 3 4 4 4 5 5 6 6 6 7 9 8 8 8 10 9 10 10 10 14 10 13 11 12 13 18 14 14 14 19 15 15 15 15 15 16 17 18 17 17 18 18 19 19 19 20 20 21 21 21 27 30 30 23 23 24 24 25 26 26 26 27 28 27 28 28 28 30 29 32 36 35 34 35 36 41 32 33 33 33 38 36 34 37 35 39 36 37
0 0 0 1 1 1 2 2 2 3 3 3 4 4 4 5 5 5 6 6 6 7 7 8 8 8 9 9 9 10 10 11 10 11 12 12 12 12 13 13 13 14 14 14 15 15 16 17 17 17 17 23 18 20 23 20 21 22 22 32 36 23 30 31 28 25 24 28 28 29 27 27 30 29 30 28 27 30 31 30 29 28 30 30 31 30 33 33 33 34 33 35 35 36 34 37 47 36 36 37
0 0 0 1 1 1 2 2 2 4 3 4 5 4 4 5 5 5 5 6 6 7 7 7 8 8 8 9 10 10 10 10 10 11 11 12 12 12 13 16 14 14 15 16 15 16 16 17 16 19 18 18 18 18 19 20 21 20 22 25 22 22 22 23 23 23 26 25 26 24 26 27 30 28 27 27 28 28 28 29 29 30 31 31 32 31 34 33 37 34 33 35 35 35 43 36 36 36 36 38
0 0 0 1 1 1 2 2 2 2 3 3 4 5 5 5 5 5 5 8 7 8 8 7 8 9 10 10 10 10 11 10 12 12 12 12 12 13 13 13 14 14 15 15 15 16 16 17 19 18 17 18 19 22 19 21 20 23 21 21 24 24 24 23 27 27 40 24 24 25 24 25 26 26 27 27 28 40 33 36 35 30 30 30 31 31 34 33 43 33 36 33 33 33 35 35 34 36 37 36
0 0 0 1 1 1 2 2 2 2 3 3 4 4 4 4 5 5 6 6 6 7 7 7 8 8 8 9 9 9 10 10 10 14 11 12 14 13 13 14 14 14 15 15 15 15 17 17 16 17 17 18 21 18 19 19 19 20 20 20 21 22 27 22 25 25 23 26 26 25 30 31 26 26 28 32 29 30 38 31 30 34 32 34 30 35 34 32 36 36 38 33 33 37 35 34 35 36 36 36
0 0 0 1 1 1 2 2 3 3 3 4 3 4 4 5 5 5 5 6 6 7 9 7 8 8 9 9 9 10 10 10 12 12 11 12 12 12 15 13 15 14 14 15 15 15 16 16 17 17 18 17 18 18 18 27 19 20 20 22 21 23 22 22 24 23 23 24 25 25 25 26 27 27 27 27 28 29 28 28 29 30 29 31 30 30 31 31 32 32 33 33 33 34 34 34 35 36 36 36
0 0 0 1 1 1 2 3 2 3 3 3 4 4 4 5 5 6 6 6 6 7 7 7 8 8 9 9 9 9 11 11 11 11 11 12 12 12 13 13 14 14 15 15 15 15 16 17 17 17 17 18 18 18 19 19 19 20 20 20 21 21 22 22 23 23 24 24 24 25 25 25 25 26 26 27 27 28 28 28 29 30 29 30 30 30 31 31 32 32 32 33 33 34 34 34 35 35 35 36
0 0 0 1 1 1 2 2 2 3 3 3 3 4 4 4 5 5 6 6 6 7 7 7 8 8 8 9 9 10 10 10 10 11 11 11 12 12 13 13 14 13 14 14 15 15 15 16 17 17 17 17 18 19 19 19 19 19 20 20 21 21 22 22 22 23 23 24 24 24 25 25 25 26 26 27 27 27 28 28 28 29 29 30 30 31 33 31 32 32 32 33 33 33 34 34 35 35 35 36
0 0 0 1 1 1 2 2 2 3 3 3 4 4 4 5 5 5 5 6 6 6 7 8 8 8 8 9 9 10 10 10 11 11 12 11 12 12 13 16 13 14 14 15 15 15 16 16 16 17 17 17 18 18 18 19 19 20 20 21 21 21 22 22 23 23 23 24 24 24 25 25 25 26 27 26 27 30 27 28 29 29 29 30 30 31 31 31 31 32 32 33 33 34 34 34 35 35 39 36
0 0 0 1 1 1 2 2 2 2 3 3 4 4 4 5 5 5 5 6 7 7 7 7 8 8 8 9 9 10 10 10 11 11 11 12 13 12 13 13 13 14 14 14 15 16 16 16 16 17 17 18 18 18 19 19 19 20 20 21 21 22 22 22 22 23 23 24 24 24 25 25 28 27 26 26 27 27 28 28 29 29 29 30 30 30 31 32 32 32 33 33 34 34 34 35 35 43 35 36
1 0 0 1 1 1 2 2 2 2 3 3 4 4 4 4 5 5 6 6 6 7 7 8 8 8 8 9 9 9 10 10 10 11 11 12 12 12 13 13 13 14 14 14 15 15 16 16 17 17 17 18 18 18 18 20 20 19 20 21 21 21 22 22 23 23 23 23 24 24 25 25 25 26 26 27 27 27 28 28 28 29 29 30 30 30 32 32 31 32 32 33 33 34 34 34 35 35 36 36
0 0 0 1 1 4 2 2 2 3 4 3 3 4 4 4 5 5 6 6 6 6 7 7 7 12 8 9 10 9 10 11 11 11 11 12 12 14 13 13 14 14 14 15 15 16 15 16 17 18 17 17 18 18 19 19 19 27 20 21 21 21 21 22 22 23 23 24 24 25 25 25 26 26 26 26 27 27 28 28 29 29 30 30 30 30 31 31 32 32 32 33 34 34 35 34 35 36 36 36
0 0 0 1 1 1 2 2 2 2 3 3 3 4 4 5 5 5 6 6 6 6 7 7 8 8 9 9 9 9 10 10 11 11 11 11 12 12 13 13 13 14 14 14 15 15 16 16 17 17 17 17 18 18 19 19 19 20 20 20 21 21 22 22 22 23 23 23 25 24 25 25 26 26 28 26 27 27 28 28 28 29 29 30 30 30 31 32 31 32 32 33 33 34 34 35 35 38 36 36
0 0 0 1 1 1 2 2 2 2 3 3 3 4 4 5 5 5 6 6 6 6 7 7 8 8 8 9 10 9 10 10 10 11 11 11 12 13 12 13 13 14 14 14 15 15 16 16 16 17 17 17 18 19 19 19 20 20 20 21 21 22 22 22 23 23 24 24 24 24 25 25 25 26 26 27 27 27 28 29 29 30 29 29 30 30 32 31 32 32 32 33 34 34 36 37 36 35 36 36
0 0 0 1 1 1 2 2 2 3 3 3 3 4 4 4 5 5 5 6 7 6 9 7 8 8 8 9 9 9 10 10 11 11 11 12 12 12 13 13 13 14 14 15 15 15 16 16 16 17 18 17 18 18 19 19 19 20 20 21 21 21 22 22 23 23 23 24 24 24 25 25 25 26 26 27 27 27 30 28 29 29 29 31 30 31 31 31 31 32 33 34 33 33 34 34 35 36 36 37
0 0 1 1 1 1 2 2 2 3 3 3 3 4 4 5 5 5 6 6 6 6 7 7 8 8 8 9 9 9 10 10 10 11 11 12 12 12 12 13 13 14 14 18 15 15 16 16 16 16 17 17 18 20 19 19 19 20 20 20 21 21 21 22 22 23 23 23 24 24 24 26 25 26 26 26 28 27 28 28 28 30 29 31 33 31 31 31 32 33 33 33 34 34 35 35 35 37 39 36
0 0 0 1 1 1 2 2 2 3 3 3 4 4 4 4 5 5 6 6 6 7 7 7 8 8 8 9 9 9 10 10 11 11 11 12 12 12 14 13 13 14 14 14 15 17 16 16 16 17 17 17 18 18 19 19 20 19 20 20 21 21 22 23 22 23 28 24 24 24 24 25 25 26 26 27 27 27 27 28 28 29 29 30 30 30 31 31 32 32 32 32 34 37 35 35 35 35 36 36
0 0 0 1 1 1 2 2 2 2 3 3 3 4 4 4 5 5 6 6 6 7 7 7 8 8 8 9 9 10 10 10 11 11 11 12 12 12 13 13 13 14 14 15 15 15 16 16 16 17 17 17 18 18 18 19 19 20 21 20 21 21 21 22 22 23 23 23 25 24 25 25 25 28 26 27 27 27 28 28 30 29 30 30 30 30 31 32 32 33 33 33 33 33 34 36 35 35 37 36
0 0 0 1 1 1 2 2 2 3 3 3 4 4 4 5 5 5 6 6 6 7 7 8 7 8 8 9 10 9 10 10 10 11 11 11 12 12 12 13 14 14 14 14 15 15 22 16 16 17 17 17 18 18 19 19 19 20 20 20 21 21 22 22 22 23 23 23 26 24 25 26 25 26 26 27 27 28 28 30 30 29 29 29 30 30 31 31 31 32 32 33 33 33 35 35 35 35 36 36
0 0 0 1 1 1 2 2 2 3 3 3 4 4 4 4 5 5 5 6 6 6 7 7 8 8 8 8 9 10 11 10 11 11 11 11 12 13 13 14 14 14 15 15 15 15 16 16 17 17 17 17 18 19 19 19 19 20 20 20 21 21 21 22 22 24 23 23 24 24 25 25 26 27 26 29 27 27 28 28 28 29 29 30 30 31 31 31 32 32 32 33 33 34 34 34 35 36 35 36
0 0 0 1 1 1 2 2 2 3 3 3 3 4 4 5 5 5 5 6 6 7 7 7 8 8 9 9 9 9 10 10 11 11 11 12 12 12 13 13 13 14 14 14 15 15 16 16 16 17 17 17 18 19 19 19 19 20 20 20 21 22 22 22 22 24 23 24 26 24 25 25 25 26 26 28 27 27 29 28 28 29 29 30 30 30 33 32 33 33 33 33 34 36 34 34 35 35 35 39
0 0 0 1 1 1 2 2 2 4 3 3 4 4 4 4 5 5 6 6 6 7 7 7 8 8 8 9 9 9 10 11 10 11 11 12 12 13 13 13 13 14 14 14 15 16 15 16 16 16 17 18 18 18 19 19 20 20 21 20 21 22 22 22 22 23 23 23 24 24 25 25 26 26 26 27 29 28 28 28 29 29 29 29 30 30 31 33 32 32 33 33 35 33 34 35 35 36 35 37
0 0 0 1 1 1 2 2 3 3 3 3 4 4 4 4 5 5 5 6 6 7 7 7 8 8 8 9 9 9 10 10 10 11 11 12 12 13 13 13 13 14 14 15 15 15 16 16 16 17 17 17 18 18 19 19 19 20 21 20 21 22 22 22 23 23 23 24 24 24 24 25 25 26 26 27 27 28 28 28 29 29 29 30 30 30 31 31 31 33 32 33 33 34 34 35 36 36 40 37
0 0 0 1 1 1 2 2 3 3 3 3 4 4 5 4 5 6 5 6 6 7 7 7 8 8 8 9 9 10 10 10 10 11 11 12 12 12 13 13 13 14 15 14 16 16 15 16 16 17 17 18 18 18 19 19 19 20 20 20 21 22 21 22 23 23 24 24 24 24 24 25 25 26 26 26 27 27 28 28 29 29 29 30 30 30 31 31 31 33 32 33 33 33 34 34 35 36 36 36
0 0 0 1 1 1 2 2 3 3 3 3 4 4 4 4 5 5 6 6 6 7 7 7 7 8 9 9 9 9 10 10 11 11 11 12 12 13 13 13 13 14 14 15 15 16 15 16 16 17 17 17 18 19 19 19 20 21 21 20 21 21 22 22 23 23 23 23 24 25 24 25 25 25 28 27 27 28 27 28 30 29 29 33 31 31 31 32 33 32 33 34 33 34 34 34 34 36 35 36
0 0 1 1 1 1 2 2 2 3 3 3 4 4 4 4 5 5 5 6 6 6 7 8 8 8 9 9 9 9 10 10 10 12 11 12 12 12 12 13 13 14 14 15 15 15 15 16 17 17 17 18 18 18 18 20 19 20 20 20 22 21 21 22 23 23 24 24 24 25 24 25 26 26 26 27 27 29 28 28 29 29 34 30 30 30 31 31 32 33 32 33 33 33 34 34 35 35 36 36
0 0 0 1 1 1 2 2 2 2 3 3 3 4 4 5 5 5 5 6 6 7 7 7 8 8 8 9 9 9 10 10 10 11 11 12 12 12 13 13 24 14 14 14 15 15 16 16 17 17 17 17 18 18 19 19 20 20 20 20 23 22 23 22 22 23 23 24 24 25 25 25 25 26 26 27 27 27 28 28 28 29 30 30 30 30 31 32 32 32 34 33 34 34 34 35 36 36 35 36
0 0 0 1 1 1 2 2 2 2 3 4 4 4 6 5 5 5 5 6 6 7 7 7 8 8 8 9 9 10 10 10 10 11 11 12 12 17 13 13 13 14 14 14 15 15 15 16 17 17 17 17 18 19 19 19 19 20 20 21 21 21 21 22 23 23 23 25 24 24 25 25 25 26 26 27 28 29 28 28 28 29 29 30 30 30 31 31 32 34 32 33 33 34 34 34 35 35 36 36
0 0 1 1 1 1 2 2 3 3 3 3 4 4 4 5 5 6 5 6 6 6 7 7 7 8 8 9 9 9 10 10 11 14 11 11 12 12 13 13 13 14 14 15 15 15 16 16 17 17 17 18 18 18 19 19 19 20 20 21 21 22 22 22 23 23 23 25 24 24 25 25 25 26 26 26 27 28 28 28 34 29 29 31 31 34 31 32 32 32 33 33 33 34 41 34 35 40 36 37
0 0 0 1 1 1 2 2 2 3 3 3 4 4 4 5 5 5 6 9 6 7 7 7 8 10 8 10 10 10 10 10 10 11 11 11 12 12 13 13 13 14 14 15 15 15 16 16 17 17 17 21 18 19 19 19 22 20 21 27 21 21 22 22 25 23 23 24 26 24 26 30 26 26 26 28 28 29 33 28 30 30 31 30 30 30 32 33 32 32 33 33 33 48 35 37 37 39 42 40
0 0 0 1 1 1 2 2 3 2 3 3 4 4 4 5 5 5 5 6 6 7 7 8 8 9 8 9 9 11 10 10 11 11 11 11 13 13 13 15 17 14 19 15 16 15 16 16 17 17 17 17 18 18 19 19 19 20 20 21 21 21 22 22 22 23 23 24 24 26 25 25 26 26 27 26 27 27 29 29 29 29 29 29 30 31 31 31 32 32 32 33 33 33 34 34 35 35 36 36
0 0 0 1 1 1 2 2 2 2 3 3 3 4 4 4 5 6 6 6 6 7 7 7 8 8 8 9 9 9 10 11 10 11 11 11 12 12 13 13 13 14 14 14 15 15 15 16 17 17 17 17 18 18 19 19 19 20 20 21 21 22 22 22 23 23 23 23 24 24 25 25 25 26 30 28 32 27 28 29 29 31 29 30 31 30 32 32 32 32 34 33 34 33 34 35 35 36 36 37
0 0 0 1 1 1 2 2 2 3 3 3 3 4 4 5 5 5 5 6 6 7 7 7 8 8 10 9 9 9 10 10 10 11 11 11 12 13 12 13 13 14 15 15 15 15 15 16 16 17 18 17 18 18 19 19 19 20 20 21 21 21 21 22 22 23 23 25 24 24 24 25 26 27 26 27 27 27 29 28 29 31 29 29 33 31 31 32 31 33 32 34 33 34 34 35 35 35 36 36
0 0 0 1 1 1 2 2 2 2 3 3 4 4 4 4 5 6 5 6 6 7 7 8 8 8 8 9 9 9 10 10 11 11 11 12 12 13 13 13 13 14 14 15 15 16 15 19 18 17 17 18 18 19 19 20 19 20 20 20 21 46 22 22 22 23 25 24 24 26 25 25 27 26 27 27 27 27 28 28 28 29 29 29 30 30 31 32 31 32 32 37 36 34 34 35 35 35 37 36
0 0 0 1 1 1 2 2 2 2 3 3 3 4 4 5 5 5 6 6 6 7 7 7 8 8 8 9 9 10 10 10 11 11 11 11 12 12 12 13 14 14 14 14 15 15 18 16 16 17 17 18 18 19 19 19 20 20 20 21 21 21 22 26 22 23 23 23 25 24 25 25 28 26 27 27 28 28 28 28 29 29 30 29 33 31 31 32 32 33 33 33 33 33 34 36 35 35 35 36
0 0 0 1 1 1 2 2 2 3 3 3 3 4 5 4 5 5 6 6 6 7 7 8 8 8 8 9 9 10 10 10 11 11 11 12 13 12 12 13 13 14 14 14 15 15 15 16 16 17 17 17 18 18 19 19 19 20 20 21 22 21 22 23 23 23 24 24 24 24 24 25 25 26 26 26 27 33 27 28 29 29 29 29 30 30 31 31 32 32 32 34 33 34 34 34 34 35 36 36
0 0 0 1 1 1 2 2 2 2 3 3 3 4 4 5 5 5 6 6 6 6 7 7 8 9 8 9 9 10 10 10 11 11 11 12 13 12 13 13 14 14 14 14 15 15 15 16 16 17 17 18 18 18 19 19 20 20 25 20 21 22 23 22 22 23 23 23 24 24 25 25 26 27 27 27 27 28 29 29 29 30 30 30 32 31 31 32 32 32 33 34 33 34 35 35 35 36 38 38
0 0 0 1 1 1 2 2 2 3 3 3 4 4 4 4 5 5 6 6 6 7 7 8 8 8 8 9 10 9 10 12 11 11 12 11 12 12 13 14 14 15 16 15 15 29 21 19 17 17 17 18 18 18 19 20 23 25 20 21 21 22 22 22 23 23 25 28 24 25 26 25 26 26 27 26 43 28 41 29 29 34 32 36 33 35 38 32 33 33 36 37 35 36 37 38 38 45 41 41
0 0 0 1 1 2 2 2 2 4 3 4 4 5 4 5 5 5 5 6 6 7 8 8 11 10 11 10 9 10 11 12 13 13 11 14 13 14 14 13 15 16 16 15 16 18 16 17 18 17 17 18 21 18 21 21 21 20 30 23 21 23 22 34 25 23 27 27 29 26 27 29 27 34 29 27 30 29 33 31 32 40 31 37 33 32 33 32 32 33 36 38 38 38 35 40 42 52 45 46
0 0 0 1 2 1 2 2 4 2 4 3 4 5 18 5 9 6 6 6 8 7 7 12 9 10 9 12 12 10 12 13 18 13 14 16 13 13 13 15 13 17 18 22 17 18 21 18 19 17 17 25 20 18 26 19 20 20 21 22 22 23 25 23 25 25 26 24 28 28 35 26 32 27 27 27 27 30 32 29 31 31 31 35 32 36 33 32 32 32 32 36 33 36 35 34 37 38 36 36
0 0 0 1 1 1 2 2 2 2 3 3 4 4 4 4 5 5 6 6 9 9 8 10 10 9 10 11 11 10 10 14 12 12 12 12 14 12 13 14 17 16 14 15 18 18 18 16 17 26 18 21 19 22 21 20 20 28 20 21 21 22 23 23 26 26 29 28 28 26 38 27 29 26 40 28 27 28 30 33 35 33 30 30 31 32 36 44 33 34 33 34 36 38 39 39 38 38 37 37
0 0 0 1 2 1 2 2 2 3 3 3 4 4 4 5 5 5 6 6 6 9 8 8 8 8 9 9 10 10 10 11 11 14 11 13 14 13 15 13 17 14 18 15 15 16 18 17 17 17 18 19 18 18 18 21 21 23 21 20 22 22 22 25 24 30 24 24 26 25 26 27 26 27 27 28 29 30 30 29 32 33 32 32 37 31 31 32 33 36 37 37 37 42 38 42 38 35 43 42
0 0 0 1 1 1 2 2 3 2 3 4 4 5 4 7 6 7 7 6 8 7 9 8 11 9 11 10 11 10 11 16 12 12 14 13 14 16 14 13 14 17 16 17 17 16 19 20 21 20 22 24 23 21 22 20 20 21 20 27 27 25 23 27 25 27 25 25 24 27 26 26 33 26 29 28 28 33 32 38 30 33 34 32 35 37 36 33 38 33 34 36 36 36 35 37 37 39 40 45
0 0 1 1 2 1 2 2 3 3 3 4 4 4 5 7 6 6 6 7 17 9 9 10 11 10 10 10 10 14 11 11 13 13 14 17 19 14 13 14 16 17 16 16 20 15 16 19 17 18 17 21 18 19 30 19 22 23 23 22 24 22 24 24 25 25 28 24 24 26 29 30 30 26 28 31 27 32 35 32 30 32 34 32 31 34 32 32 35 37 37 35 35 36 34 43 37 38 39 37
0 0 0 1 1 1 2 2 2 3 3 4 4 4 5 4 5 6 5 7 6 7 7 8 9 8 9 9 9 10 11 11 11 11 13 12 13 17 14 14 14 15 14 15 15 25 16 21 17 20 17 18 20 18 19 20 20 20 21 23 23 25 22 23 23 27 25 30 24 27 30 29 31 26 27 27 31 31 28 30 29 41 35 35 37 39 35 32 33 35 36 38 42 41 40 37 37 36 45 41
0 0 0 1 1 1 2 2 2 3 15 4 4 4 5 5 7 5 8 6 7 7 7 7 8 8 8 10 9 10 10 10 11 13 11 13 12 12 13 15 13 14 14 14 15 15 16 16 17 17 17 18 21 19 19 23 21 26 20 24 23 27 29 23 30 27 24 24 25 27 26 26 26 27 31 29 28 36 33 33 36 29 31 36 37 49 34 33 37 36 36 37 35 37 38 34 39 39 49 49
0 1 1 1 2 3 2 3 3 3 3 4 6 5 4 6 7 6 10 7 8 8 8 8 9 12 12 12 11 10 23 18 15 14 20 14 13 17 16 18 16 18 18 18 22 23 20 29 17 19 24 22 19 21 23 20 21 25 22 21 21 26 29 27 23 24 25 27 26 26 28 27 26 28 29 30 28 31 31 29 35 42 31 31 31 33 37 37 32 35 38 34 33 36 42 57 35 36 45 79
0 0 1 2 2 2 3 3 3 4 4 6 6 4 4 6 5 8 6 6 6 21 9 8 8 8 9 9 9 9 24 11 10 18 11 14 12 12 17 13 15 14 14 17 17 15 16 16 17 18 17 18 18 21 19 23 19 20 20 21 32 23 22 27 23 24 25 27 24 27 24 25 25 26 28 35 34 27 28 29 29 32 30 30 31 31 32 40 34 40 42 36 40 38 36 36 36 36 36 36
0 0 0 1 1 1 2 3 2 3 3 3 3 4 4 4 5 5 6 6 7 6 7 7 7 8 9 9 9 10 10 11 11 11 11 12 12 13 13 15 15 14 15 15 15 15 17 16 16 17 28 19 18 19 19 20 19 23 21 21 21 23 22 22 23 23 24 24 24 25 25 25 26 33 29 27 27 35 28 28 33 35 31 30 30 40 31 31 35 45 32 49 39 34 40 34 47 38 36 38
0 0 0 1 1 1 2 2 2 2 3 3 3 4 4 5 5 5 8 6 6 6 7 7 8 8 8 9 9 9 10 12 11 11 12 12 12 12 14 13 13 20 14 15 15 15 16 16 17 17 19 18 19 20 19 19 19 20 24 20 21 22 21 22 26 23 26 26 31 24 24 25 26 27 27 27 27 29 29 29 29 29 31 30 33 35 46 40 41 41 33 34 33 35 36 37 43 41 36 37
0 0 1 1 1 2 2 2 3 4 3 3 4 4 4 5 5 5 6 6 6 8 7 7 7 8 8 9 9 9 10 10 11 11 12 13 12 12 13 14 13 14 17 15 15 15 17 17 16 18 17 18 19 18 20 26 20 20 31 22 22 23 23 23 24 23 23 24 31 27 27 29 33 26 27 28 44 32 29 36 32 34 31 37 32 39 40 33 33 38 38 35 35 37 36 39 36 42 40 38
0 0 1 1 1 1 2 2 2 2 3 3 4 4 4 4 5 5 6 7 9 7 7 8 9 8 10 9 9 10 10 12 15 15 12 15 12 12 21 13 15 14 17 16 22 17 16 17 17 18 18 21 18 25 20 21 24 23 25 21 28 22 24 23 25 24 24 34 35 29 26 26 27 28 28 29 28 28 36 29 33 34 44 38 31 30 35 33 37 36 43 47 34 47 37 37 37 39 47 44
0 0 1 1 1 2 2 2 3 2 3 3 4 4 4 7 7 9 6 7 7 10 11 11 8 10 12 13 14 11 10 10 13 13 12 12 13 13 14 15 16 17 15 15 16 18 17 17 17 17 23 18 21 19 21 23 21 21 24 24 25 25 23 23 28 27 23 24 25 39 32 32 26 29 30 27 28 29 28 29 30 30 31 38 32 31 33 33 37 36 33 33 36 35 40 37 45 37 42 38
0 0 0 1 1 1 2 2 2 3 3 4 5 4 5 5 5 6 7 6 9 7 9 7 10 9 9 9 10 13 11 11 11 11 11 12 12 13 14 13 15 15 15 15 17 16 18 18 17 24 18 18 19 18 19 20 20 20 21 28 22 26 22 27 23 25 26 25 26 25 28 28 26 26 27 27 28 29 28 28 33 36 31 31 31 39 32 32 32 33 37 37 34 35 35 50 36 37 37 45
0 0 1 1 1 2 2 2 2 3 4 3 4 4 4 5 5 6 6 6 8 7 7 7 8 9 9 9 14 13 11 12 12 13 12 13 12 13 13 13 16 15 16 21 17 27 16 17 18 17 17 18 18 19 19 19 31 20 20 21 21 23 22 23 22 23 27 24 25 24 33 29 30 26 26 34 28 28 28 29 37 30 33 33 32 31 32 37 33 32 33 35 37 35 35 41 36 35 37 36
0 0 0 1 1 1 2 2 2 2 3 3 3 4 4 4 5 5 6 6 6 7 7 7 8 8 8 9 10 9 10 10 10 11 11 14 12 12 13 13 14 14 16 15 15 15 16 16 16 17 17 18 18 19 19 19 19 20 20 21 21 21 31 22 22 23 23 24 24 24 25 25 26 26 26 28 27 28 28 28 29 29 30 30 30 30 32 31 33 37 33 33 34 34 35 35 35 36 36 36
0 0 0 1 1 1 2 2 2 3 3 3 4 4 5 5 5 5 5 6 6 6 7 7 8 8 8 9 9 9 10 10 11 11 11 12 12 13 13 13 13 14 14 15 15 16 16 16 16 18 17 17 18 18 18 19 20 20 20 20 21 22 21 22 22 23 23 24 24 24 25 25 26 26 27 27 27 27 28 28 29 29 29 31 31 31 31 31 32 32 32 33 33 34 34 35 35 35 37 36
0 0 0 1 1 1 2 2 2 2 3 3 4 4 4 4 5 5 5 6 6 6 7 7 8 8 8 9 9 9 10 10 11 12 11 11 12 12 13 13 13 14 14 15 15 15 16 16 16 17 17 17 18 18 18 19 19 20 20 21 21 21 21 22 23 23 23 23 24 24 25 25 25 26 26 27 27 28 28 29 30 29 30 30 31 31 31 31 32 32 33 33 34 34 34 34 36 35 36 36
0 0 0 1 1 1 2 2 2 2 3 3 4 4 4 4 5 6 5 6 6 6 7 7 8 8 8 9 10 9 10 10 11 12 11 11 12 12 13 14 13 14 14 15 15 15 15 16 16 17 17 17 18 18 18 20 19 20 20 20 21 21 22 22 22 23 23 23 24 25 24 25 25 31 26 26 27 27 28 28 29 28 29 30 30 31 31 34 31 32 32 33 33 34 35 34 35 35 35 37
0 0 0 1 1 1 2 2 2 3 3 3 3 4 4 4 5 5 6 6 6 7 7 8 8 8 9 9 9 10 10 10 10 11 11 12 12 12 13 13 13 14 14 15 15 15 15 16 16 17 17 17 18 18 18 21 19 20 20 20 21 21 22 22 22 23 23 23 24 30 24 25 25 26 26 26 27 27 28 28 28 29 29 30 30 30 31 31 32 50 32 33 33 34 34 34 35 41 36 36
0 0 0 1 1 1 2 2 2 2 3 3 3 4 4 4 5 5 5 6 6 7 7 7 8 8 8 9 9 9 10 10 10 11 11 11 12 12 13 13 13 14 14 15 15 15 16 16 16 17 17 17 18 20 19 19 19 20 20 20 21 21 21 22 27 23 24 23 24 24 24 25 25 26 26 27 27 27 27 28 28 29 29 30 30 30 35 31 32 32 32 33 33 34 34 34 35 35 35 36
0 0 0 1 1 1 2 2 2 3 3 3 3 4 4 4 5 5 5 6 6 7 7 7 8 8 8 9 9 9 10 10 10 11 11 11 12 12 12 13 13 14 15 14 15 15 16 16 16 17 18 17 18 18 18 19 20 20 20 20 21 21 22 22 24 23 23 23 24 24 25 26 26 26 26 26 27 27 28 28 28 29 29 30 30 31 34 32 32 32 33 33 33 34 34 35 35 35 35 36
0 0 0 1 1 1 2 3 2 3 3 4 3 4 4 4 5 5 6 6 6 6 7 7 8 8 8 9 9 9 10 10 11 11 11 12 12 12 12 13 13 14 14 14 15 15 15 16 16 16 17 17 18 19 19 19 19 19 20 21 21 21 21 22 22 22 23 23 24 24 25 25 25 26 26 27 27 27 28 28 28 29 29 29 30 30 31 31 33 33 32 33 33 34 35 34 35 35 35 36
0 0 1 1 1 1 2 2 2 2 3 3 3 4 4 4 5 5 6 6 6 6 7 7 8 8 8 9 9 9 10 10 11 11 11 12 12 12 12 13 13 14 14 14 15 15 15 16 16 17 17 17 20 18 19 19 19 20 20 20 21 21 22 22 22 23 23 23 24 24 24 25 25 26 26 26 27 27 28 28 29 29 29 30 32 30 30 30 32 31 32 32 33 33 33 35 34 35 35 38
0 0 0 1 1 1 2 2 2 2 3 3 3 4 5 4 5 5 5 6 6 6 7 7 7 8 8 9 9 9 10 10 10 11 11 11 12 12 13 13 13 14 14 14 15 15 15 16 16 17 17 17 18 19 18 19 19 19 20 20 20 21 21 21 22 23 23 23 24 24 24 25 26 26 26 26 26 27 27 27 28 28 29 29 30 30 30 31 31 31 32 32 32 33 33 34 34 34 35 36
0 0 0 1 1 1 2 2 2 2 3 3 3 4 4 4 5 5 5 6 7 7 7 7 7 8 8 9 9 9 10 10 10 11 11 11 12 12 12 13 13 13 14 14 15 15 15 16 16 16 17 17 17 18 18 20 19 19 20 20 21 21 21 21 22 28 23 23 23 24 24 24 25 25 26 26 26 27 27 28 28 29 29 29 29 30 30 31 31 31 32 32 33 33 33 34 34 35 35 35
0 0 0 1 1 1 2 2 2 2 3 3 3 4 4 4 5 5 5 6 6 6 7 7 8 8 8 9 9 11 9 11 11 11 11 11 12 12 13 13 13 14 14 15 15 15 15 16 17 16 17 17 17 18 18 19 19 21 20 20 21 21 21 21 22 22 23 23 23 24 24 25 25 25 26 26 26 27 27 27 28 28 29 29 30 30 30 31 34 32 32 32 33 33 33 34 34 34 35 35
0 0 0 1 1 1 2 2 2 2 3 3 3 4 5 4 5 5 5 6 6 6 7 7 8 8 8 9 9 9 10 10 11 11 11 11 12 12 12 13 15 13 14 14 15 15 15 16 16 16 17 17 18 18 18 19 19 19 20 20 21 25 21 22 22 22 23 23 23 24 24 25 25 25 26 26 26 27 27 28 28 28 29 29 30 30 30 31 31 33 32 32 33 33 33 34 34 35 35 35
0 0 0 1 1 1 2 2 2 2 3 3 3 4 4 4 5 5 5 6 6 6 7 7 8 8 8 8 9 9 10 10 11 11 11 11 12 12 12 13 13 14 14 14 15 15 15 16 16 16 17 17 18 18 18 18 19 19 20 20 21 21 21 22 22 22 23 23 23 24 24 24 25 25 26 26 26 27 27 27 28 28 29 29 30 30 30 31 31 32 32 32 33 34 35 34 34 35 35 36
0 0 0 1 1 1 2 2 2 2 3 3 3 4 4 4 5 5 5 6 6 6 7 7 7 8 8 8 9 9 9 10 10 11 11 11 12 12 12 13 13 15 14 15 15 15 15 16 16 16 17 17 18 18 18 18 19 19 20 20 20 21 23 21 22 22 23 23 23 24 24 24 25 25 26 26 27 27 27 28 28 30 29 32 30 30 30 31 31 31 32 32 32 33 34 34 34 37 35 35
0 0 0 1 1 1 2 2 2 2 3 3 3 4 4 4 5 5 5 6 6 6 7 7 7 8 8 9 9 9 10 10 10 11 11 12 12 12 12 13 13 13 14 14 14 15 16 16 16 16 17 17 18 18 18 19 19 19 20 20 20 21 21 25 22 22 23 23 23 24 24 25 25 25 26 26 26 27 27 27 28 29 29 29 30 30 30 31 31 31 32 32 33 33 34 34 34 35 35 35
0 0 0 1 1 1 2 2 2 3 3 3 3 4 4 4 5 5 5 6 6 6 7 7 7 8 8 8 9 9 10 10 11 11 11 11 12 12 12 13 13 14 14 14 15 15 15 17 16 16 17 17 18 18 18 19 19 19 20 20 21 21 21 21 22 22 23 23 24 24 24 24 25 26 26 26 26 27 27 27 28 29 29 29 30 30 30 31 31 31 32 32 33 37 33 34 34 35 35 35
0 0 0 1 1 1 2 2 2 2 3 3 3 4 4 4 5 5 5 6 6 6 7 8 8 8 8 9 9 9 9 10 10 11 11 11 12 12 12 13 13 13 14 14 15 15 15 16 16 16 17 17 17 18 18 19 19 19 20 20 20 21 21 22 22 22 23 23 24 24 24 25 25 25 26 27 27 27 27 28 28 29 29 29 30 30 30 31 31 31 32 32 33 33 33 34 34 34 35 35
0 0 0 1 1 1 2 2 2 2 3 3 3 4 4 4 5 5 5 6 6 6 7 7 7 8 8 9 9 9 9 10 10 11 11 11 12 12 12 13 13 14 14 14 15 15 15 16 16 17 17 17 17 18 18 18 19 19 20 20 20 21 21 21 22 22 23 23 24 24 24 25 25 25 26 26 26 27 27 27 28 28 33 30 29 30 34 31 31 31 31 32 33 33 33 34 34 35 35 36
0 0 0 1 1 1 2 2 2 2 3 3 3 4 4 5 5 7 5 6 6 6 7 7 8 8 8 8 9 9 9 10 10 11 11 11 12 12 12 13 13 13 14 14 14 15 15 16 16 16 17 17 18 18 20 19 19 19 20 20 20 21 21 21 22 22 23 23 23 24 24 25 25 25 26 26 26 27 27 27 28 29 28 29 30 30 31 31 31 31 32 32 33 33 33 33 34 36 35 35
0 0 0 1 1 1 2 2 2 2 3 3 3 4 4 4 5 5 5 6 6 6 7 8 7 8 8 8 9 9 10 10 10 10 11 11 12 12 12 13 13 13 14 14 15 15 15 16 16 16 17 17 17 18 18 20 19 19 20 20 21 21 21 21 22 22 23 23 23 24 24 25 25 26 26 26 27 27 27 27 28 28 29 29 30 30 30 31 31 32 32 32 33 33 33 34 34 34 35 35
0 0 0 1 1 1 2 2 2 2 3 3 3 4 4 4 5 5 5 6 6 6 7 7 7 8 8 8 9 9 10 10 10 11 11 11 12 12 13 13 13 13 14 14 14 15 15 16 16 16 17 17 17 19 26 19 19 19 20 20 21 21 21 22 22 23 23 23 23 24 29 25 25 26 26 26 27 27 27 27 28 28 29 29 29 30 30 30 31 32 32 32 33 33 33 34 34 35 35 35
0 0 0 1 1 1 2 2 2 2 3 3 3 4 4 4 5 5 5 6 6 6 7 7 7 8 8 8 9 9 10 10 10 10 11 11 12 12 12 13 13 13 14 14 15 15 15 16 16 16 17 17 18 18 18 18 19 19 20 20 20 21 21 22 22 23 23 23 23 24 24 25 26 25 26 26 26 27 27 28 28 28 29 29 29 30 30 31 31 31 32 32 33 33 33 34 35 35 35 35
0 0 0 1 1 1 2 2 2 2 4 3 3 4 4 4 5 5 5 6 6 6 7 7 7 8 8 9 9 9 10 10 10 11 11 11 12 12 12 13 13 14 14 14 15 15 15 16 16 16 17 17 18 18 18 18 19 19 20 20 20 21 21 22 22 22 23 23 23 24 24 25 25 25 26 26 26 27 27 28 28 28 29 29 30 30 31 31 31 32 32 32 33 34 33 33 34 35 35 35
0 0 0 1 1 1 2 2 2 2 3 3 3 4 4 4 5 5 5 6 6 6 7 7 7 8 8 9 9 9 10 10 11 11 11 11 12 12 12 13 13 14 14 14 15 15 15 16 16 16 17 17 17 18 18 19 19 19 20 21 20 21 21 22 22 22 23 23 24 24 24 25 25 25 26 26 26 27 27 28 28 28 29 29 30 30 30 31 31 32 32 32 32 34 33 34 34 35 35 35
0 0 0 1 1 1 2 2 2 2 3 3 3 4 4 4 5 5 5 6 6 6 7 7 7 8 8 8 9 10 10 10 10 11 11 11 12 12 12 13 13 13 14 14 17 15 15 16 16 16 17 17 18 18 18 19 19 19 20 20 20 21 21 22 22 22 23 23 23 24 24 25 25 25 26 26 26 27 27 27 28 28 29 29 29 30 30 31 31 31 32 33 33 33 33 33 34 34 35 35
0 0 0 1 1 1 2 2 2 2 3 3 3 4 4 4 5 5 5 6 6 6 7 7 7 8 8 8 9 9 10 10 10 11 11 11 12 12 12 13 13 13 14 14 15 15 15 18 16 16 17 17 18 18 18 18 19 19 20 20 20 21 21 22 22 22 23 23 23 24 24 25 25 25 26 26 26 27 28 28 28 28 29 29 31 30 30 31 31 32 32 32 33 33 33 34 34 35 38 35
0 0 0 1 1 1 2 2 2 2 3 3 3 4 4 4 5 5 5 6 6 6 7 7 7 8 11 9 9 9 9 10 10 11 11 11 12 12 12 13 13 14 14 14 15 15 15 16 23 17 17 17 17 18 18 19 19 19 20 20 20 21 21 22 22 24 23 23 23 24 24 25 25 26 26 26 28 27 27 28 28 29 29 29 30 30 30 31 34 31 32 32 33 34 33 34 35 34 35 35
0 0 0 1 1 1 2 2 2 2 3 3 3 4 4 4 5 5 6 6 6 6 7 7 7 8 8 9 9 9 10 10 10 11 11 14 12 12 12 13 14 14 14 14 15 15 15 16 17 16 18 19 17 18 18 19 19 19 20 20 21 21 21 21 23 22 23 23 23 24 25 25 25 26 26 26 27 29 27 28 28 28 29 29 29 30 32 31 31 31 33 32 33 33 34 34 34 34 35 35
0 0 0 1 1 1 2 2 2 2 3 3 3 4 4 4 5 5 6 6 6 7 7 7 7 8 8 8 9 9 9 10 10 11 11 11 12 12 12 13 13 14 14 14 15 15 15 16 16 16 17 17 18 18 18 19 19 20 20 20 21 21 21 22 22 22 23 23 24 24 24 25 25 25 26 26 26 27 27 28 28 28 29 29 29 30 31 31 31 32 32 32 34 34 34 34 34 35 35 35
0 0 0 1 1 1 2 2 2 2 3 3 3 4 4 4 5 5 5 6 6 6 7 7 8 8 8 8 9 9 10 10 10 11 11 11 12 12 12 13 13 13 14 14 15 15 15 16 16 16 17 17 17 18 18 19 19 19 20 20 20 21 21 21 22 22 23 23 24 24 24 25 25 25 26 26 26 27 27 27 28 28 29 29 29 30 31 31 31 31 32 32 33 33 33 34 34 34 35 35
0 0 0 1 1 1 2 2 2 2 3 3 4 4 4 4 5 5 5 6 6 6 7 7 7 8 8 9 9 9 10 10 10 11 11 11 12 12 12 13 13 13 14 14 15 15 15 16 16 16 17 17 17 18 18 19 19 19 20 20 20 21 21 21 22 22 23 23 24 24 24 25 25 25 26 26 26 27 27 28 28 28 29 29 30 30 31 31 31 31 32 32 32 33 34 34 34 35 35 35
0 0 0 1 1 1 2 2 2 2 3 3 3 4 4 4 5 5 5 6 6 6 7 7 7 8 9 8 9 9 10 10 10 11 11 11 12 12 12 13 13 14 14 14 15 15 15 16 16 17 17 17 17 18 19 19 19 19 20 20 20 21 21 21 22 22 23 23 23 24 24 25 25 25 26 26 27 27 27 28 28 28 29 29 29 30 30 31 31 31 32 32 33 33 34 37 34 34 35 36
0 0 0 1 1 1 2 2 2 2 3 3 3 4 4 4 5 5 5 6 6 6 7 7 7 8 8 8 9 9 10 10 10 11 11 11 12 12 12 13 13 14 14 14 15 15 15 16 17 16 17 18 17 18 18 19 19 19 21 20 20 21 21 21 23 23 23 23 23 24 24 24 25 25 26 26 27 27 27 28 28 28 28 30 29 30 30 31 31 31 32 32 33 33 33 34 34 35 35 35
0 0 0 1 1 1 2 2 2 2 3 3 3 4 4 4 5 5 7 6 6 7 7 7 7 8 8 9 9 9 9 10 10 11 11 11 12 12 12 13 13 14 14 14 14 15 15 16 16 16 17 17 17 18 18 19 19 19 20 20 20 21 21 21 22 22 23 23 24 24 25 24 26 26 26 26 26 27 27 27 28 30 29 29 29 31 30 31 31 31 32 32 33 33 33 34 34 35 35 35
0 0 0 1 1 1 2 2 2 2 3 3 3 4 4 4 5 5 5 6 6 6 7 7 7 8 8 9 9 9 9 10 10 11 11 11 12 12 13 13 13 14 14 14 15 15 15 16 16 16 17 17 18 18 18 19 19 19 20 20 20 21 21 21 22 22 23 23 24 24 24 25 25 25 26 26 26 27 27 28 28 28 29 29 30 30 30 31 31 31 32 32 32 33 34 34 34 34 35 35
0 0 0 1 1 1 2 2 2 3 3 3 3 4 4 4 5 5 5 6 7 6 7 7 7 8 8 9 9 9 9 10 10 11 11 11 12 12 12 13 13 13 15 14 15 15 15 16 16 16 17 17 18 18 19 19 19 20 20 20 21 21 22 22 22 22 23 23 23 24 24 24 25 26 26 26 27 27 27 27 28 28 29 30 29 31 30 31 31 31 32 33 33 33 33 34 34 34 35 35
0 0 0 1 1 1 1 2 2 2 3 3 3 4 4 4 5 5 5 6 6 6 7 7 7 8 8 9 9 9 10 10 10 11 11 11 12 12 12 13 15 13 14 14 15 16 15 16 16 16 17 17 17 18 19 19 19 19 20 20 21 21 21 23 24 22 23 23 23 24 24 24 25 26 26 26 26 27 27 28 28 28 29 29 29 29 30 31 31 31 31 32 32 33 34 34 34 34 35 36
0 0 0 1 1 1 2 2 2 2 3 3 3 4 4 5 5 5 5 6 6 6 7 7 7 8 8 8 9 9 9 10 10 11 11 11 12 12 12 13 13 13 14 14 14 19 15 16 22 16 17 17 18 18 18 19 19 19 20 20 20 21 21 22 22 24 23 23 24 24 24 25 25 25 26 26 27 27 27 28 28 28 29 30 29 30 30 32 31 31 32 32 33 33 33 34 34 36 35 35
0 0 0 1 1 1 2 2 2 2 3 3 3 4 4 4 5 5 5 6 6 6 7 7 7 8 8 9 9 9 9 10 10 11 11 11 12 12 12 13 13 13 14 14 15 15 15 16 16 16 17 17 17 18 18 19 19 20 20 21 21 21 21 22 22 22 23 23 24 24 24 24 25 26 26 26 27 27 28 29 28 28 29 29 30 30 33 31 31 31 32 32 33 46 34 34 34 34 35 35
0 0 0 1 1 1 2 2 2 2 3 3 3 4 4 4 5 5 5 6 6 6 7 7 7 8 8 9 9 9 9 10 10 11 11 11 12 12 12 13 13 13 14 14 15 15 15 16 16 16 17 17 17 18 18 18 19 19 20 20 20 21 21 22 22 22 23 23 23 24 24 24 25 25 26 26 27 27 27 28 28 28 29 29 29 30 31 38 31 32 32 32 33 33 36 34 34 34 35 35
0 0 0 1 1 1 2 2 2 2 3 3 3 4 4 4 5 5 5 6 6 6 7 8 7 8 8 8 9 9 10 10 10 11 11 11 12 12 12 13 13 13 14 14 15 15 16 16 16 16 17 17 17 18 18 19 21 20 20 20 20 21 21 22 22 22 23 23 23 24 24 24 25 25 26 26 26 27 27 28 28 28 28 29 30 30 30 31 31 32 32 32 32 33 34 34 34 34 35 35
0 0 1 1 1 1 2 2 2 2 3 3 3 4 4 4 5 5 5 6 6 6 7 8 7 8 8 8 9 9 9 11 10 11 11 11 12 12 12 13 13 13 14 14 15 15 15 16 16 16 17 17 18 18 18 18 19 19 27 20 20 21 21 22 22 22 23 23 24 24 24 24 25 25 26 26 26 27 28 28 29 31 29 29 30 30 31 31 31 32 32 32 32 33 33 34 34 34 35 35
0 0 0 1 1 1 2 2 2 2 3 3 3 4 4 4 5 5 5 6 6 6 7 8 7 8 8 8 9 9 9 10 10 11 11 11 13 12 14 13 13 14 14 14 15 15 15 16 16 16 17 17 17 18 18 18 19 19 20 20 21 21 21 22 22 22 23 23 23 25 24 24 25 25 26 26 27 27 27 27 28 28 29 29 30 30 30 31 31 32 32 32 32 33 33 34 37 35 35 35
0 0 0 1 1 1 2 2 2 2 3 3 3 4 6 4 5 5 5 6 6 6 7 7 7 8 8 8 9 9 9 10 11 11 11 11 12 12 12 13 16 15 14 26 15 15 15 16 16 16 17 17 18 18 18 19 19 19 20 20 20 21 21 21 22 22 23 23 24 24 24 25 25 26 26 26 26 27 28 27 28 28 29 29 30 30 30 31 31 31 35 33 32 34 34 34 34 34 35 35
0 0 0 1 1 1 2 2 2 2 3 3 3 4 4 5 5 5 5 6 6 6 7 7 8 8 8 9 9 9 10 10 10 11 11 11 12 12 12 13 13 14 14 14 15 15 15 16 16 16 17 17 17 18 18 19 19 19 20 20 21 21 21 23 22 22 23 23 23 24 24 25 25 26 26 26 26 27 27 28 28 28 29 29 30 30 30 31 31 32 32 32 33 33 34 34 34 35 35 35
0 0 0 1 1 1 2 2 2 3 3 3 3 4 4 4 5 5 5 6 6 6 7 7 7 8 8 8 9 9 10 10 11 11 11 11 12 12 13 13 13 14 14 14 15 15 15 16 16 17 17 17 18 18 18 18 19 19 20 20 21 21 21 22 22 23 23 24 23 24 25 25 26 26 26 31 26 27 27 28 28 28 29 29 29 30 30 31 31 32 32 32 33 33 33 34 34 35 35 35
0 0 0 1 1 1 2 2 2 2 3 3 3 4 4 4 5 5 5 6 6 6 7 7 7 8 8 9 9 9 10 10 10 10 11 11 12 12 12 13 13 14 14 14 14 15 15 16 16 16 17 17 18 18 18 18 19 19 20 20 20 21 21 22 22 23 23 23 23 24 24 25 25 26 26 27 27 27 27 28 28 29 29 29 29 30 30 31 31 31 32 32 35 33 33 33 34 35 35 36
0 0 0 1 1 1 2 2 2 2 3 3 3 4 4 4 5 5 5 6 6 6 7 7 7 8 8 9 9 9 10 10 10 10 11 11 12 12 12 13 14 14 14 14 15 15 15 16 16 16 17 17 18 18 18 18 19 19 20 21 20 20 21 22 22 22 24 23 23 24 24 30 25 25 27 26 26 27 27 28 28 29 29 29 29 30 30 31 31 31 32 32 33 33 33 34 34 35 35 36
0 0 0 1 1 1 2 2 2 3 3 3 3 4 4 5 5 5 5 6 6 6 7 7 8 8 8 8 9 9 9 10 10 10 11 11 12 12 12 13 13 14 14 15 15 15 16 16 16 16 17 18 17 18 18 18 19 19 20 20 21 21 21 22 22 22 22 25 24 24 24 25 25 25 26 26 27 27 27 28 28 28 29 29 30 30 30 31 31 31 32 32 33 33 34 34 34 34 35 35
0 0 0 1 1 1 2 2 2 2 3 3 4 4 4 4 5 7 5 6 6 6 7 7 7 8 8 9 9 9 10 10 11 10 11 11 12 12 13 13 13 14 14 14 15 15 15 16 16 16 17 17 17 19 19 19 19 20 20 20 21 21 21 22 22 22 23 23 25 24 24 25 25 26 26 26 26 27 27 28 28 28 29 29 30 30 31 30 31 31 32 32 32 33 33 34 37 35 35 35
0 0 0 1 1 1 2 2 2 3 3 3 3 4 4 4 5 5 5 6 6 6 7 7 8 8 8 9 9 9 9 10 10 10 11 11 12 12 12 13 13 14 14 14 15 15 15 16 16 16 17 17 17 18 18 19 19 19 20 20 20 21 22 21 22 22 23 23 24 24 24 25 25 25 26 26 27 27 27 28 28 28 29 29 29 30 31 31 31 31 32 32 32 33 33 34 34 35 36 36
0 0 0 1 1 1 2 2 2 2 3 3 3 4 4 4 5 5 5 6 6 6 7 7 7 8 8 9 9 9 10 10 10 11 11 11 12 12 12 13 13 14 14 14 15 15 15 16 16 16 17 17 17 18 18 19 19 19 20 20 21 21 21 22 23 22 23 23 24 24 24 25 26 25 26 26 26 27 27 28 28 29 29 29 30 30 31 31 32 31 32 32 33 34 33 34 34 35 35 35
0 0 0 1 1 1 2 2 2 2 3 3 3 4 4 4 5 5 5 6 6 6 7 7 7 8 8 9 9 9 10 10 10 12 11 11 12 12 13 13 14 13 14 14 14 15 16 16 16 17 17 17 18 18 18 19 19 19 20 21 20 21 21 22 22 22 23 23 23 24 24 25 25 25 26 26 26 27 27 28 28 29 29 29 30 30 31 31 31 32 32 32 33 33 33 34 35 34 35 35
0 0 0 1 1 1 2 2 2 2 3 3 3 4 4 4 5 5 5 6 6 6 7 7 7 8 8 8 9 9 10 10 10 11 11 11 12 12 12 13 13 13 14 14 15 15 15 16 16 16 17 17 17 18 18 19 19 19 20 20 20 21 21 22 22 22 23 23 23 24 24 25 25 25 26 26 26 27 27 27 28 28 29 29 30 30 30 31 31 34 32 32 33 33 33 34 34 34 35 35
0 0 0 1 1 1 2 2 2 2 3 3 3 4 4 4 5 5 5 6 6 6 7 8 7 8 8 9 9 10 10 10 10 11 11 12 12 12 13 14 13 13 15 14 15 15 15 16 19 16 17 17 17 18 18 19 19 19 20 20 21 21 21 22 22 22 23 23 23 24 24 24 25 25 26 26 27 27 27 28 28 29 29 29 30 30 30 31 31 31 32 32 33 34 33 34 34 35 35 36
0 0 0 1 1 1 2 2 2 2 3 3 3 4 4 4 5 5 5 6 6 6 7 7 7 8 10 8 9 9 9 10 10 11 11 11 12 12 12 13 15 14 15 16 15 15 15 16 16 16 17 17 17 18 18 19 19 19 20 20 20 21 21 22 22 22 23 23 24 24 24 25 25 26 26 26 26 27 27 28 29 29 29 32 30 30 30 31 31 32 32 32 32 33 33 34 34 35 35 35
0 0 0 1 1 1 2 2 2 2 3 3 4 4 4 4 5 5 5 6 6 6 7 7 7 8 8 9 9 9 10 10 10 11 11 11 12 12 12 13 13 14 14 14 15 15 15 17 16 16 17 17 18 19 18 19 19 19 20 20 20 21 21 22 22 22 23 23 23 24 24 25 25 25 26 28 27 27 27 27 28 28 29 29 31 30 30 31 31 31 32 32 33 33 33 34 34 35 45 35
0 0 0 1 1 1 2 2 2 2 3 3 3 4 4 4 5 5 5 6 6 6 7 7 7 8 8 9 9 9 10 10 10 11 11 11 12 12 12 13 13 13 14 14 15 15 15 16 16 17 17 17 17 18 18 19 19 19 20 20 20 21 21 22 22 22 23 23 23 24 24 25 25 25 26 26 26 27 28 28 28 28 29 29 30 30 30 31 31 31 32 32 33 33 34 34 34 34 35 35
0 0 0 1 1 1 2 2 2 3 3 3 3 4 4 4 5 5 5 6 6 7 7 7 7 8 8 9 9 9 10 10 10 11 11 11 12 12 12 13 13 14 14 15 15 15 15 16 16 16 18 19 17 18 18 19 19 19 20 20 20 21 21 22 22 22 23 23 23 24 24 24 25 25 26 27 26 27 27 27 28 28 29 29 29 30 30 31 32 31 32 32 33 33 33 34 34 34 35 35
0 0 0 1 1 1 2 2 2 2 3 3 3 4 4 4 5 5 6 6 6 6 7 7 8 8 8 9 9 9 10 10 10 11 11 12 12 12 13 13 13 13 14 14 15 15 15 16 16 17 17 17 18 21 18 19 19 19 20 20 20 21 21 22 22 23 23 24 23 24 24 24 25 25 26 26 26 27 29 28 28 28 29 29 30 30 30 31 31 31 32 32 33 34 33 34 34 35 35 36
0 0 0 1 1 1 2 2 2 3 3 4 3 4 4 4 5 5 6 6 6 6 7 7 8 8 8 9 9 9 10 10 10 11 11 11 12 12 12 13 13 13 14 14 14 15 15 16 16 16 17 17 17 19 18 19 19 19 20 20 20 21 21 22 22 22 23 23 23 24 24 25 25 25 26 26 26 27 27 28 28 28 29 29 30 30 30 31 31 31 32 32 33 33 34 34 34 35 35 35
0 0 0 1 1 1 2 2 2 3 3 3 3 4 4 4 5 5 5 6 6 7 7 7 8 8 8 9 9 9 10 10 10 11 11 11 12 12 12 13 13 13 14 14 15 15 15 16 16 16 17 17 18 18 19 19 19 19 20 20 20 21 21 22 26 22 23 23 23 24 24 25 25 25 26 26 26 27 27 28 28 29 29 29 30 30 31 31 31 31 32 32 33 33 36 34 34 35 35 35
0 0 0 1 1 1 2 2 2 2 3 3 3 4 4 4 5 5 5 6 6 6 7 7 7 8 8 9 9 9 9 10 10 11 11 11 12 12 12 13 13 14 14 14 15 15 15 17 16 16 17 17 17 18 18 19 20 20 20 21 20 21 21 21 22 23 23 23 23 24 24 25 25 26 26 26 26 27 27 27 28 28 29 29 30 30 31 31 31 31 32 32 33 33 33 34 34 35 35 35
0 0 0 1 1 1 2 2 2 2 3 3 4 4 4 4 5 5 5 6 6 6 7 7 7 8 8 9 9 9 9 10 10 11 11 12 12 12 12 13 13 13 14 14 15 16 15 16 16 16 17 17 17 18 18 19 19 19 20 20 20 21 21 22 22 23 23 23 23 24 24 27 25 25 26 26 26 27 27 27 28 28 29 29 30 30 31 31 31 32 31 32 33 33 35 33 34 34 35 35
0 0 0 1 1 1 2 2 2 2 3 3 3 4 4 4 5 5 5 6 6 6 7 9 7 8 8 9 9 9 10 10 10 11 11 11 12 13 12 13 14 14 14 14 14 15 15 16 16 17 17 17 18 18 18 18 19 19 20 20 20 21 21 22 22 22 23 23 23 24 24 25 25 25 26 26 26 27 27 28 28 29 29 29 29 30 30 31 32 31 32 32 32 33 33 34 34 35 35 35
0 0 0 1 1 1 2 2 2 2 3 3 3 4 4 4 5 5 5 6 6 6 7 7 8 8 8 9 9 9 10 10 10 11 11 11 12 12 12 13 15 13 14 14 15 15 15 16 16 16 17 17 17 18 18 18 19 19 20 20 20 21 21 21 22 22 23 23 23 24 24 25 25 25 26 26 27 27 27 28 28 28 29 32 30 30 30 31 31 31 32 32 33 33 34 35 34 34 35 35
0 0 0 1 1 1 2 2 2 2 3 3 3 4 4 4 5 5 5 6 6 6 7 8 7 8 8 9 9 9 10 10 10 11 11 11 12 12 12 13 13 13 14 15 15 15 15 16 16 17 17 17 18 18 18 18 19 19 20 20 20 21 21 21 23 22 23 24 24 24 24 25 25 25 26 26 26 27 27 28 28 28 29 29 30 30 30 30 32 31 32 32 33 33 33 34 34 35 35 35
0 0 0 1 1 1 2 2 2 2 3 3 4 4 4 4 5 5 5 6 6 6 7 7 7 8 8 9 9 9 9 10 10 11 11 12 12 12 12 13 13 14 14 14 15 15 15 16 16 16 17 17 17 18 18 18 19 20 20 20 20 21 21 22 22 22 23 23 23 24 24 25 25 25 26 26 26 27 27 28 28 28 29 30 30 30 30 30 31 31 32 32 33 33 33 34 34 35 35 35
0 0 0 1 1 1 2 2 2 2 3 3 3 4 4 4 5 5 5 6 6 6 7 7 7 8 8 9 9 9 10 10 10 11 11 11 12 12 12 13 13 13 14 14 15 15 15 16 16 16 17 17 18 18 18 19 19 19 19 20 21 21 21 22 22 23 23 23 23 24 24 25 25 25 26 26 26 27 28 28 28 28 29 29 29 30 30 31 31 32 32 33 33 33 33 34 34 35 35 35
0 0 0 1 1 1 2 2 2 2 3 3 3 4 4 4 5 5 5 6 6 6 7 8 7 8 8 9 9 9 9 10 10 11 11 11 12 12 13 13 13 13 14 14 15 15 15 16 16 17 17 17 17 18 18 18 19 19 20 20 20 21 21 21 22 23 23 23 23 24 25 25 25 25 26 26 26 27 27 28 28 28 29 30 29 30 30 31 31 31 32 32 33 35 34 34 34 35 35 35
0 0 0 1 1 1 2 2 2 2 3 3 3 4 4 4 5 5 5 6 6 6 7 7 8 8 8 8 9 9 10 10 10 11 11 11 12 12 12 13 13 14 14 14 15 15 15 16 16 16 17 17 17 18 18 18 19 19 20 20 21 21 21 22 22 22 23 23 24 24 24 25 25 25 26 26 26 28 27 28 28 28 29 29 30 30 30 31 31 31 32 32 33 33 33 34 35 34 35 35
0 0 0 1 1 1 2 2 2 2 3 3 3 4 4 4 5 5 5 6 6 6 7 7 7 8 8 9 9 9 10 10 10 11 11 11 12 12 12 13 13 13 14 14 15 15 15 16 16 16 17 17 18 18 20 24 19 19 20 20 20 21 21 22 22 22 23 23 23 24 24 25 25 26 26 26 26 27 28 28 28 28 29 29 29 30 30 31 31 31 32 32 33 33 37 34 34 34 35 35
0 0 0 1 1 1 2 2 2 2 3 3 3 4 4 4 5 5 5 6 6 6 7 7 8 8 9 9 9 9 9 10 10 11 11 11 12 12 12 13 13 14 14 14 15 15 15 16 16 16 17 17 18 18 18 18 19 19 20 20 20 21 21 21 22 22 23 23 23 24 24 25 25 25 26 26 26 27 27 28 28 28 29 29 29 30 30 31 32 31 32 32 33 33 33 34 34 35 35 35
0 0 0 1 1 1 2 2 2 2 3 3 3 4 4 4 5 5 5 6 6 6 7 7 7 8 8 9 9 9 10 11 11 11 11 11 12 12 12 13 13 13 14 14 15 15 15 16 17 16 17 17 18 18 18 19 19 19 20 20 20 21 21 22 22 23 23 23 23 24 24 27 25 26 26 26 26 27 27 27 28 28 29 29 29 30 30 31 31 32 32 32 33 33 33 34 34 34 35 35
0 0 0 1 1 1 2 2 2 2 3 3 3 4 4 5 5 5 5 6 6 6 7 7 7 8 8 8 9 9 9 10 10 11 11 12 13 12 12 13 13 13 14 14 15 15 15 16 16 16 17 17 17 18 18 19 19 19 20 20 20 21 21 21 22 22 23 23 23 24 24 25 26 25 26 26 27 27 27 28 28 28 29 29 29 30 30 30 31 35 32 32 33 33 34 34 34 35 35 35
0 0 0 1 1 1 2 2 2 2 3 3 3 4 4 4 5 5 5 6 6 6 7 7 7 8 8 9 9 9 10 10 10 11 11 11 12 12 12 13 13 14 14 14 14 15 15 16 16 17 17 17 17 18 18 18 19 19 20 20 21 21 21 22 22 22 23 23 23 23 24 24 25 26 26 26 26 27 27 27 28 28 29 29 30 30 30 31 31 32 32 32 33 33 33 34 34 35 35 36
0 0 0 1 1 1 2 2 2 2 3 3 3 4 4 4 5 5 5 6 6 6 7 8 7 8 8 9 9 9 9 10 10 11 11 11 12 12 12 13 13 14 14 16 14 15 15 16 16 17 17 17 18 18 19 19 19 19 20 20 20 21 21 22 22 23 23 23 24 24 25 24 25 25 27 26 26 27 27 28 28 28 29 29 29 30 30 31 31 32 32 32 33 33 33 34 34 35 35 35
0 0 0 9 1 1 2 2 2 2 3 3 3 4 4 4 5 5 5 6 6 6 7 7 7 8 8 9 9 9 10 10 10 11 11 11 12 12 12 13 14 14 14 14 15 15 15 16 16 17 17 17 17 18 18 18 19 19 20 20 20 21 21 22 22 22 24 23 23 24 24 25 25 26 26 26 27 28 28 28 29 28 29 29 29 30 30 31 31 32 32 36 33 33 33 34 34 35 35 35
0 0 0 1 1 1 2 2 2 2 3 3 3 4 4 4 5 5 5 6 6 6 7 7 7 8 8 9 9 9 10 10 10 11 11 11 12 12 12 13 13 13 14 14 15 15 15 16 16 16 17 17 18 18 18 19 19 19 20 20 20 21 21 22 22 23 23 23 24 24 24 27 25 25 26 26 26 27 27 27 28 28 29 29 30 30 31 31 31 32 32 32 33 33 34 34 34 35 36 35
0 0 0 1 1 1 2 2 2 2 3 3 3 4 4 4 5 5 5 6 6 6 7 7 8 8 8 9 9 9 10 10 10 11 11 11 12 12 12 13 13 13 14 14 15 15 15 16 16 17 17 17 18 18 18 19 20 19 20 20 20 21 21 22 22 22 23 23 23 24 24 24 25 26 26 26 26 27 27 28 28 29 29 29 30 30 30 31 31 32 32 32 36 33 34 34 34 35 35 35
0 0 0 1 1 1 2 2 2 2 3 3 3 4 4 4 5 5 5 6 6 6 7 7 7 8 8 9 9 9 10 10 10 11 11 11 12 12 12 13 13 13 14 14 15 15 15 16 16 17 17 19 18 18 18 19 19 19 20 20 20 21 21 22 22 22 27 23 23 24 24 25 25 26 26 26 26 27 27 28 28 28 29 29 30 30 30 31 33 31 32 32 33 33 33 34 34 34 35 35
0 0 0 1 1 1 2 2 2 3 3 3 3 4 4 5 5 5 6 6 6 6 7 7 7 8 8 8 9 9 10 10 10 11 11 11 12 12 13 13 13 14 14 14 15 15 15 16 16 16 17 17 19 18 18 19 19 20 20 20 21 21 21 22 23 22 23 23 24 24 24 25 25 25 26 26 26 27 27 28 28 28 29 29 29 30 31 31 31 31 32 32 33 33 33 34 34 35 35 35
0 0 0 1 1 1 2 2 2 3 3 3 3 4 4 5 7 6 6 6 7 6 7 7 8 8 8 9 9 9 9 10 10 10 11 11 12 12 12 13 13 13 14 14 15 15 15 16 16 16 17 17 17 18 18 19 19 19 23 20 20 21 21 22 22 22 23 23 23 24 24 25 25 25 26 26 27 27 27 28 28 28 29 29 30 30 31 33 31 31 32 32 33 33 33 34 34 35 36 35
0 0 0 1 1 1 2 2 2 3 3 3 3 4 4 4 5 5 5 6 6 6 7 7 7 8 8 9 10 9 9 10 10 11 11 11 12 12 12 13 13 17 14 14 15 15 15 16 16 16 17 17 17 18 18 19 19 19 20 20 20 21 21 21 22 22 24 23 24 24 24 24 26 26 26 26 26 27 27 28 28 28 29 29 29 30 31 31 31 31 32 32 33 33 33 34 34 34 35 35
0 0 0 1 1 1 2 2 2 2 3 3 3 4 4 4 5 5 5 6 6 7 7 7 7 8 8 9 9 9 10 10 10 11 11 11 12 12 12 13 13 13 14 14 15 15 15 16 16 16 17 17 18 18 18 19 19 19 20 20 20 21 21 21 22 22 23 23 23 24 24 25 25 26 26 26 26 27 27 28 28 28 29 29 30 30 30 31 31 31 32 33 32 33 33 34 34 34 35 35
0 0 0 1 1 1 2 2 2 3 3 3 3 4 4 4 5 5 5 6 6 6 7 7 7 8 8 9 9 9 9 10 10 15 12 13 12 12 12 13 13 14 14 14 15 15 15 16 16 16 17 17 18 18 18 19 19 20 20 20 20 21 21 21 22 22 23 23 24 24 24 24 25 25 26 26 26 27 27 27 28 29 29 29 29 30 31 31 31 31 32 32 33 33 34 34 35 34 35 35
0 0 0 1 1 1 2 2 2 2 3 3 3 4 4 4 5 5 5 6 6 6 7 7 7 8 8 8 9 9 9 10 10 11 11 11 12 12 12 13 13 14 14 14 14 15 15 16 16 16 17 17 18 18 18 19 19 19 20 20 20 21 22 22 22 22 23 23 23 24 24 24 25 25 26 27 26 27 27 27 28 28 29 29 30 30 30 31 32 31 32 33 33 34 34 34 37 35 35 35
0 0 0 1 1 1 2 2 2 2 3 3 3 4 4 4 5 5 5 6 6 6 7 7 7 8 8 9 9 9 10 10 10 10 11 11 12 12 13 13 13 13 14 14 15 15 15 16 16 16 17 17 18 18 18 19 19 19 20 20 20 21 21 22 22 22 23 23 23 24 24 25 25 25 26 26 26 27 27 28 28 28 29 29 30 30 31 31 32 33 35 33 33 34 34 37 42 35 36 36
0 0 0 1 1 1 2 2 2 2 3 3 3 4 4 5 5 5 6 6 6 6 7 7 7 8 8 8 9 9 9 10 10 10 11 11 12 12 12 13 13 14 14 14 15 15 15 16 15 17 18 17 28 43 20 19 22 20 20 19 21 20 22 21 22 22 22 23 23 24 24 24 24 25 26 26 26 26 27 27 28 31 29 28 30 29 30 30 30 33 31 31 32 33 33 34 34 33 34 34
0 0 0 1 1 1 1 2 2 2 3 3 4 4 4 5 5 6 5 6 6 8 7 7 8 8 8 9 9 9 10 10 10 13 12 11 11 13 12 12 13 13 13 14 14 15 15 15 16 18 17 17 18 17 17 20 19 19 20 20 21 20 21 21 22 22 22 23 26 23 25 27 26 25 25 28 26 27 30 27 28 30 29 28 29 29 30 32 31 31 31 31 33 32 33 33 34 34 34 34
0 0 0 1 1 1 1 2 2 2 3 3 3 4 4 4 5 5 5 6 6 6 6 7 7 7 8 8 9 9 9 10 10 10 11 11 11 12 12 13 13 13 13 14 14 15 15 16 15 16 17 17 17 18 18 18 20 19 21 20 21 21 29 23 23 23 23 24 24 25 24 26 25 26 26 26 27 27 27 28 28 29 29 30 30 30 31 31 31 32 32 33 33 34 34 34 35 34 35 35
0 0 0 1 1 1 2 2 2 2 3 3 3 4 4 5 5 5 6 6 6 6 7 7 7 11 9 9 9 9 10 10 10 11 11 11 12 12 12 13 13 14 14 14 15 15 15 16 16 17 17 17 18 18 18 19 20 19 20 20 21 21 21 22 22 23 23 23 23 24 24 25 25 25 29 27 28 28 27 29 28 29 29 30 30 31 32 32 33 33 38 33 35 37 35 36 41 35 36 37
0 0 0 1 1 1 2 2 2 3 3 3 4 4 4 4 5 5 6 6 6 7 7 7 8 8 8 9 9 9 10 10 10 11 11 12 12 12 13 14 13 14 20 16 17 16 16 16 16 17 18 18 18 18 19 19 19 19 20 20 20 21 22 22 22 22 23 23 24 24 25 25 26 26 29 27 27 29 28 29 28 29 29 30 30 31 31 32 31 32 32 32 33 33 34 35 35 35 36 38
0 0 1 1 1 1 2 2 2 3 3 3 4 4 4 4 5 5 5 6 6 6 7 7 8 8 9 9 9 10 10 10 11 11 11 11 12 12 12 13 13 14 14 15 15 15 16 17 17 17 17 17 25 18 18 19 20 20 20 21 20 21 22 22 22 22 23 24 23 24 26 25 29 25 26 27 28 27 27 28 29 29 29 29 30 30 31 31 32 32 32 32 33 33 34 35 35 34 36 38
