1 4 10 18 28 41 55 75 90 111 138 161 194 223 258 290 327 373 412 454 506 571 625 727 763 923 1058 968 1050 1146 1198 1226 1318 1352 1442 1479 1577 1863 1837 1959 2173 2004 2176 2200 2287 2421 2507 2597 2695 2823 2945 3051 3188 3308 3415 3550 3678 3882 4008 4070 4200 4447 4618 4965 5168 5556 5354 5482 5512 5776 6104 6009 6116 6299 6534 6673 6786 6938 7166 7435 7791 8715 8969 8998 9114 9224 9248 9633 9532 9293 9307 9569 10179 10053 10376 10553 14593 10964 11339 11712
1 4 10 18 27 41 56 72 95 117 141 162 192 225 256 287 329 367 437 462 515 584 610 688 746 773 861 905 1012 1056 1144 1202 1224 1308 1402 1496 1555 1758 1741 1860 2053 1994 2080 2214 2263 2392 2509 2627 2710 3007 3453 3780 3857 3628 3498 3666 4052 4254 4496 4711 5328 5248 4904 5586 5858 6343 5927 5968 6585 6387 6512 6472 6805 6881 7153 7509 6918 7239 7818 8256 7518 7616 7839 8090 8164 8342 8758 9160 9328 9448 9767 9857 10049 10366 10661 10778 15268 11298 11447 11838
1 4 10 18 28 41 58 74 104 115 152 166 199 239 272 306 336 387 500 484 557 570 612 690 723 792 856 941 1004 1071 1125 1186 1271 1379 1430 1516 1676 1849 1879 1952 2187 2081 2156 2233 2359 2507 2588 2713 3039 2970 3104 3174 3292 3444 3542 3680 3988 3981 4090 4488 4347 4736 4620 4785 4962 5158 5241 5479 5547 5802 5904 6127 6377 6408 6587 6766 6930 7119 7350 7480 7698 8199 8004 8236 8544 8807 8819 9211 9480 9494 9717 9906 10038 10364 10755 11666 15595 11432 11558 11889
1 5 10 18 32 42 57 77 106 115 138 173 219 256 270 324 342 404 460 469 542 615 636 682 741 828 865 951 1056 1265 1252 1236 1353 1415 1443 1501 1610 1836 1773 1863 2109 2070 2177 2266 2379 2491 2620 2787 2925 3091 3063 3216 3312 3614 3855 3884 3906 4312 4459 4233 4466 4882 4979 4930 5168 6013 6494 6017 5802 5606 5704 5830 6050 6273 6382 6544 6838 8133 8153 8251 9179 8489 7949 8983 8474 8676 9383 9017 9993 9736 10535 10916 9780 9984 10221 10417 14582 10957 11137 11330
1 4 10 17 28 39 56 72 98 112 136 162 192 220 254 292 326 367 408 458 496 552 598 645 709 767 816 876 943 1021 1079 1163 1231 1309 1429 1498 1592 1768 1767 1838 2195 2019 2118 2289 2329 2421 2513 2682 2766 2850 3050 3152 3259 3355 3489 3617 3866 3793 4047 4111 4182 4448 5373 5400 5200 5813 5279 5450 6068 6272 6574 6918 6874 6507 6493 7729 7638 7509 7842 8033 8421 9111 8685 9093 9138 9212 9095 9444 9764 9766 9811 9633 9827 10069 10257 10666 14858 10952 11138 11310
1 4 9 18 28 41 56 73 111 114 149 162 200 227 254 305 331 366 410 475 514 582 641 706 773 829 902 942 967 1110 1114 1189 1234 1398 1406 1471 1559 1748 1757 1800 2105 2037 2100 2213 2318 2397 2489 2607 2716 2839 2994 3100 3202 3299 3436 3706 3775 3793 3942 4092 4299 4541 4553 4710 4805 5142 5075 5263 5362 5951 5930 5902 6133 6202 6398 6594 6790 6952 7069 7731 7395 7560 7785 7905 8123 8290 8541 8813 8945 9132 9331 9511 9732 9908 10337 10379 14483 10787 11100 11199
1 4 11 17 27 40 54 72 104 112 136 163 217 226 254 303 332 372 431 450 503 550 600 646 707 763 818 884 947 1009 1088 1161 1221 1301 1391 1462 1537 1741 1719 1812 2019 1991 2078 2194 2278 2384 2482 2598 2723 2823 2938 3055 3257 3325 3515 3529 3624 3758 3892 4049 4311 4401 4495 4564 4713 4830 5003 5155 5453 5487 5619 5847 5937 6070 6282 6444 6616 6764 7065 7273 7398 7528 7767 7979 8126 8316 8531 8875 8923 9127 9313 9514 9788 9891 10221 10335 14440 10777 11042 11382
1 4 10 17 27 40 58 73 90 113 135 159 187 221 252 292 321 371 409 450 498 546 599 649 708 758 818 878 946 1009 1092 1155 1228 1305 1391 1470 1565 1756 1707 1809 2031 1995 2082 2192 2281 2395 2496 2572 2706 2810 2915 3038 3211 3387 3400 3534 3628 3804 3943 4065 4200 4455 4491 4607 4790 4907 5060 5249 5388 5524 5661 5835 5993 6184 6316 6491 6671 6856 7135 7226 7395 7597 7742 7920 8141 8342 8632 8730 8956 9155 9294 9595 9748 10112 10157 10368 14452 10883 10994 11386
1 4 10 17 28 39 54 74 90 114 135 160 192 219 255 292 328 366 407 448 501 545 596 646 709 762 831 886 956 1013 1081 1159 1224 1302 1390 1476 1540 1736 1725 1800 2049 1995 2086 2181 2309 2386 2501 2610 2688 2830 2974 3096 3167 3286 3406 3546 3692 3783 3936 4051 4220 4481 4474 4640 4763 4910 5105 5270 5363 5534 5694 5827 6024 6169 6380 6507 6679 6943 7070 7262 7421 7531 7776 7950 8135 8402 8669 8769 8933 9105 9341 9495 9799 10005 10165 10391 14568 10977 11182 11306
1 5 10 17 28 39 53 79 90 112 137 162 193 221 251 288 324 364 408 451 495 544 601 655 711 766 821 894 952 1016 1083 1153 1232 1311 1401 1456 1550 1751 1719 1814 2806 1987 2096 2193 2283 2392 2512 2594 2787 2859 2942 3060 3179 3304 3435 3548 3684 3804 3936 4049 4200 4473 4495 4606 4758 4970 5075 5232 5380 5530 5724 5841 5990 6191 6361 6520 6781 6877 7039 7211 7425 7659 7820 7980 8192 8440 8555 8742 8933 9109 9373 9521 9922 9987 10174 10406 14621 11095 11171 11327
1 4 10 18 32 40 55 72 98 112 138 161 193 218 251 297 325 366 402 453 493 554 624 668 737 786 826 896 946 1032 1120 1160 1235 1289 1384 1502 1545 1636 1706 1823 1955 2037 2087 2175 2281 2381 2498 2592 2737 2895 2942 3059 3159 3315 3417 3543 3661 3795 3943 4063 4228 4430 4497 5632 4771 4914 5073 5213 5370 5533 5698 5874 6019 6320 6368 6506 6662 6879 7057 7215 7419 7563 7803 7945 8136 8638 8502 9260 8941 9178 9407 9546 9765 9934 10187 10372 10730 10835 11067 11296
2 4 10 17 30 44 81 78 91 113 136 170 192 220 257 289 324 362 405 450 503 546 610 658 707 812 833 890 1076 1104 1104 1167 1245 1310 1378 1470 1597 1818 1798 1892 1894 2014 2138 2187 2304 2398 2491 2674 2711 2944 2992 3059 3193 3300 3403 3548 3709 3855 4150 4121 4332 4353 4522 5652 4796 4977 5105 5217 5407 5552 5702 5915 6127 6224 6388 6558 6746 6912 7056 7271 7433 7736 7828 7997 8165 8387 8586 9281 9003 9301 9309 9655 9803 9975 10236 10519 10761 10935 11110 11343
1 4 10 17 29 40 54 79 91 111 135 162 189 221 253 292 325 371 403 458 498 553 599 645 709 768 830 894 955 1029 1098 1157 1263 1359 1413 1534 1550 1637 1717 1811 1907 1994 2091 2201 2291 2386 2485 2594 2721 2834 2943 3076 3194 3322 3410 3533 3666 3826 4025 4130 4193 4376 4459 5561 4763 4922 5095 5225 5428 5552 5700 5990 6015 6197 6401 6556 6679 6846 7056 7222 7551 7671 7835 8057 8207 8367 8589 9295 9151 9156 9381 9616 9806 9992 10210 10570 10637 10870 11082 11323
1 4 10 17 27 39 55 72 92 111 138 162 191 220 259 291 325 371 407 454 498 550 604 646 708 770 831 916 966 1048 1114 1180 1232 1319 1447 1469 1544 1639 1724 1811 1907 1998 2096 2196 2305 2387 2512 2606 2726 2857 2951 3057 3192 3291 3431 3569 3739 3916 3931 4068 4235 4361 4500 5695 4802 4924 5099 5257 5423 5599 5822 5873 6036 6226 6394 6571 6712 6903 7103 7302 7635 7637 7772 8018 8191 8397 8581 9393 9062 9187 9383 9642 9803 10028 10289 10446 10728 10896 11165 11321
1 4 10 18 29 41 54 76 90 113 137 161 191 222 250 290 329 364 405 452 499 598 628 657 725 784 853 891 949 1024 1099 1154 1244 1311 1395 1472 1558 1627 1732 1809 1919 1981 2096 2183 2291 2382 2504 2589 2729 2845 2937 3042 3161 3308 3441 3650 3682 3809 3939 4091 4232 4375 4483 5687 4790 4905 5066 5269 5425 5700 5683 5883 6017 6236 6389 6527 6716 6894 7127 7413 7452 7581 7786 7994 8151 8388 8571 9388 8991 9162 9440 9609 9804 10019 10315 10425 10654 10877 11113 11363
1 4 10 17 29 44 53 72 90 118 136 163 207 220 258 315 335 381 407 455 505 543 593 663 708 770 825 886 948 1016 1091 1163 1239 1305 1376 1480 1543 1636 1728 1818 1905 1997 2088 2186 2296 2396 2504 2631 2730 2817 2952 3058 3180 3381 3450 3519 3657 3823 3924 4090 4245 4373 4515 5662 4752 4941 5066 5251 5452 5553 5708 5894 6043 6206 6366 6566 6699 6870 7177 7268 7426 7613 7826 7990 8193 8356 8682 9342 9023 9198 9421 9569 9747 10174 10240 10512 10643 10840 11179 11566
1 4 10 17 30 39 55 70 91 111 135 169 189 223 257 287 328 369 409 457 491 550 607 650 705 764 820 892 947 1011 1097 1167 1237 1310 1398 1471 1537 1641 1715 1800 1896 2001 2100 2202 2278 2401 2509 2605 2732 2830 2954 3101 3238 3311 3414 3564 3700 3818 3946 4070 4228 4369 4504 5658 4793 4933 5107 5330 5379 5530 5691 5881 6041 6184 6367 6540 6705 6963 7110 7242 7424 7639 7833 8033 8219 8403 8644 9300 8990 9132 9345 9574 9901 10209 10392 10582 10709 10872 11177 11557
1 4 10 17 30 40 53 79 91 112 137 163 189 219 257 288 338 369 413 453 503 540 597 652 707 766 830 896 963 1054 1167 1228 1243 1309 1379 1477 1557 1653 1727 1828 1908 1993 2111 2219 2284 2397 2508 2617 2710 2923 2983 3077 3173 3300 3437 3573 3696 3811 3942 4089 4286 4391 4501 5663 4792 4990 5180 5244 5412 5563 5729 5911 6045 6253 6430 6683 6823 6913 7074 7245 7459 7686 7832 8020 8142 8561 8557 9296 9030 9201 9375 9628 9926 10044 10224 10457 10696 10889 11202 11388
1 4 9 17 30 40 54 72 92 114 135 163 192 219 254 291 326 364 412 456 496 549 596 652 714 760 837 891 964 1106 1090 1159 1237 1312 1386 1471 1543 1632 1724 1822 1913 2001 2092 2209 2292 2393 2510 2673 2732 2845 2956 3084 3170 3297 3456 3562 3678 3814 3943 4082 4231 4353 4528 5682 4864 4960 5114 5268 5388 5582 5697 5890 6035 6243 6361 6609 6828 6907 7097 7277 7470 7624 7781 7984 8274 8370 8569 9312 8981 9240 9372 9777 9830 10014 10211 10477 10694 10984 11209 11339
1 4 11 29 30 40 54 70 90 111 135 166 192 222 254 293 328 362 411 471 502 549 592 660 708 767 818 893 964 1012 1155 1162 1241 1346 1391 1490 1548 1636 1742 1808 1985 2012 2106 2306 2438 2433 2507 2597 2727 2853 2944 3061 3202 3311 3411 3540 3695 3816 3954 4081 4224 4373 4506 5754 4882 4983 5048 5302 5458 5628 5719 5911 6068 6189 6538 6840 6990 6901 7084 7235 7415 7632 7808 8201 8210 8355 8545 9312 9024 9211 9527 9664 9808 10041 10278 10499 10733 11053 11115 11384
1 4 10 18 29 41 54 71 93 124 135 161 191 225 259 298 331 378 409 476 512 556 660 677 710 765 832 896 949 1013 1099 1158 1236 1320 1389 1470 1561 1635 1722 1822 1904 2016 2110 2193 2293 2386 2500 2597 2824 2830 2960 3157 3172 3334 4253 3602 3700 3829 3969 4092 4235 4370 4506 4645 4789 4932 5096 5260 5479 5702 5745 5886 6052 6221 6360 6591 6723 6939 7075 7330 7452 7617 7832 8064 8190 8441 8634 8883 9001 9182 9417 9569 9856 10089 10323 10465 10746 11225 11120 11328
1 4 10 18 28 52 54 72 91 113 149 165 191 229 276 310 344 365 404 455 498 544 598 650 710 763 832 893 958 1022 1089 1152 1221 1300 1403 1473 1551 1626 1731 1807 1910 1998 2104 2180 2307 2396 2499 2620 2818 2825 2950 3131 3228 3414 4214 3556 3712 3820 3957 4096 4223 4368 4503 4661 4797 4961 5079 5275 5442 5560 5733 5872 6038 6211 6430 6545 6713 6925 7175 7258 7489 7626 7807 8028 8193 8349 8724 8837 9031 9185 9399 9630 9846 10195 10225 10504 10676 11221 11190 11417
1 4 10 18 28 45 53 71 91 114 135 167 191 223 257 289 328 368 409 457 502 551 588 656 707 772 832 901 959 1026 1102 1168 1238 1315 1396 1463 1561 1642 1727 1826 1925 2007 2087 2178 2342 2381 2499 2620 3026 2904 3082 3214 3192 3312 4195 3564 3700 3827 3923 4095 4244 4352 4500 4619 4799 4963 5173 5247 5412 5571 5692 5869 6052 6196 6380 6540 6718 7034 7053 7276 7442 7621 7825 7987 8163 8470 8563 8968 8971 9442 9370 9568 9988 10265 10255 10533 10703 11217 11202 11535
1 4 10 18 28 45 54 72 91 113 135 163 189 223 261 290 327 365 408 458 499 549 599 661 717 768 822 893 951 1015 1096 1167 1240 1311 1399 1466 1622 1643 1723 1805 1894 1998 2102 2181 2290 2412 2509 2611 2873 2909 2949 3155 3183 3336 4178 3556 3722 3831 3959 4087 4212 4351 4513 4639 4862 5041 5080 5248 5383 5568 5709 5898 6048 6195 6381 6546 6862 6891 7138 7247 7457 7626 7815 8026 8252 8449 8645 8722 8997 9202 9426 9620 9846 10039 10263 10470 10683 11163 11256 11371
1 4 10 18 28 45 54 71 92 112 137 163 195 222 255 290 328 365 410 457 505 555 602 654 706 772 821 890 952 1026 1094 1154 1239 1301 1392 1469 1556 1653 1742 1819 1926 2006 2084 2192 2300 2418 2574 2652 2810 2827 2947 3148 3195 3324 4197 3585 3706 3826 3958 4114 4225 4378 4526 4794 4825 4944 5098 5233 5404 5556 5761 5890 6047 6232 6437 6671 6733 6912 7105 7245 7472 7634 7853 8068 8238 8416 8593 8831 8980 9187 9388 9796 9844 10028 10330 10453 10716 11313 11128 11358
1 5 10 17 28 55 55 71 92 112 139 164 193 223 261 294 326 396 407 451 496 551 594 656 707 767 832 897 954 1027 1094 1161 1238 1314 1387 1483 1566 1639 1742 1812 1895 1998 2181 2226 2353 2398 2505 2609 2804 2848 2939 3159 3198 3303 4188 3572 3683 3828 3960 4081 4219 4383 4651 4633 4815 4954 5090 5267 5415 5573 5679 5871 6050 6297 6436 6522 6719 6907 7090 7285 7421 7614 7879 8068 8194 8404 8647 8809 9003 9205 9525 9601 9806 10034 10287 10458 10684 11263 11149 11359
1 4 10 18 27 45 54 75 92 112 136 167 193 220 254 288 327 370 408 452 498 549 602 650 712 766 823 895 947 1017 1096 1175 1231 1318 1386 1477 1560 1640 1738 1866 1963 2035 2105 2208 2287 2405 2509 2610 2807 2842 2953 3149 3174 3313 4186 3574 3694 3803 3960 4077 4285 4393 4504 4707 4711 4998 5110 5277 5404 5592 5737 5888 6090 6274 6398 6547 6750 6923 7103 7247 7425 7634 7939 8055 8215 8355 8588 8782 9015 9293 9412 9601 9817 10100 10231 10471 10847 11190 11164 11413
1 4 10 18 27 45 55 74 91 113 137 163 192 222 254 293 329 369 411 467 503 554 600 660 712 763 823 893 954 1031 1083 1165 1247 1322 1401 1465 1621 1677 1770 1829 1925 2005 2106 2206 2306 2403 2511 2631 2808 2854 2955 3173 3185 3312 4194 3572 3691 3843 3966 4203 4268 4364 4505 4640 4780 4936 5086 5214 5417 5583 5750 5890 6183 6219 6363 6517 6703 6915 7102 7278 7456 7746 7803 7995 8147 8364 8590 8794 9024 9335 9401 9616 9795 9994 10255 10598 10763 11175 11153 11395
1 4 10 18 28 46 68 73 91 113 135 163 192 222 259 290 323 367 415 454 501 550 601 661 713 775 822 901 961 1024 1094 1174 1273 1336 1419 1492 1558 1650 1734 1817 1916 2001 2107 2198 2304 2413 2508 2614 2816 2837 2956 3148 3209 3300 4179 3570 3709 3906 4080 4095 4232 4389 4537 4663 4812 4993 5098 5249 5435 5568 5808 5989 6063 6240 6395 6570 6740 6926 7112 7297 7557 7687 7868 8033 8247 8434 8601 8910 9175 9216 9471 9664 9884 10019 10400 10658 10822 11322 11205 11400
1 4 10 18 28 46 55 72 90 113 141 164 204 235 257 290 329 364 405 460 515 555 598 647 713 797 861 964 986 1047 1132 1166 1244 1396 1440 1515 1562 1658 1731 1832 1919 2002 2108 2199 2318 2436 2586 2635 2814 2850 2943 3198 3196 3311 4195 3867 3870 3881 3968 4191 4245 4386 4498 4774 4856 4999 5139 5250 5498 5767 5746 6021 6148 6281 6428 6622 6848 6927 7114 7716 7465 7635 7841 7983 8218 8421 8652 8898 8992 9210 9535 9858 9954 10250 10512 10604 10880 11292 11286 11618
1 4 10 17 28 41 56 72 91 113 136 163 190 224 255 296 322 369 413 453 493 552 633 655 708 901 936 913 1061 1076 1129 1246 1267 1342 1403 1479 1558 1639 1727 2110 2106 2014 2114 2247 2307 2410 2521 2631 2738 2854 2984 3291 3204 3317 3660 3567 3781 3867 3963 4127 4281 4364 4512 4640 4802 4952 5152 5275 5427 5579 5820 5905 6069 6224 6409 6596 6723 6939 7082 7375 7530 7698 7864 8054 8255 8399 8609 9029 9057 9237 9423 9625 9969 10033 10407 10501 10680 11708 11131 11379
1 4 10 18 27 42 54 71 92 115 145 165 199 233 278 306 331 375 411 477 501 562 602 655 707 762 826 901 1036 1014 1096 1151 1233 1319 1399 1488 1565 1638 1719 1807 1912 2010 2093 2199 2300 2413 2514 2617 2743 2887 2984 3280 3212 3345 3739 3557 3767 3837 3960 4078 4238 4466 4519 4656 4796 5007 5069 5270 5560 5579 5741 5887 6025 6235 6481 6629 6857 6970 7226 7443 7411 7854 7818 8014 8191 8371 8712 8808 8946 9318 9381 9632 9855 10170 10259 10493 10726 11675 11183 11424
1 4 9 18 27 43 54 76 91 112 137 162 192 218 255 296 333 373 411 454 502 543 604 662 712 780 832 900 978 1009 1086 1160 1223 1309 1385 1476 1543 1644 1736 1822 1909 2014 2097 2195 2260 2400 2519 2623 2741 2856 2984 3320 3274 3293 3686 3589 3753 3876 4260 4088 4203 4323 4493 4651 4823 4932 5228 5284 5383 5554 5729 5880 6055 6194 6501 6701 6799 7353 7077 7483 7660 7665 7894 8074 8248 8644 8642 8823 9016 9247 9427 9594 9867 10036 10351 10415 10649 11635 11273 11353
1 4 10 20 29 45 61 74 93 114 135 161 190 224 252 293 329 369 411 452 492 553 594 669 704 753 827 907 959 1023 1099 1149 1234 1327 1400 1471 1562 1628 1728 1825 1891 1972 2102 2198 2343 2432 2522 2700 2824 2877 2978 3277 3163 3330 3637 3686 3736 3820 3936 4202 4373 4435 4482 4642 4837 4989 5225 5370 5422 5607 5812 5935 6075 6253 6379 6605 6825 6888 7096 7266 7403 7625 7873 7976 8304 8428 8602 8763 9018 9217 9384 9592 9912 10265 10562 10477 10793 11721 11236 11500
1 4 9 18 28 42 55 71 91 112 137 164 191 225 272 285 324 366 404 459 498 540 610 647 704 766 838 894 973 1020 1097 1161 1254 1325 1429 1467 1563 1644 1736 1802 1903 2021 2085 2217 2347 2589 2548 2645 2743 2847 2969 3279 3174 3294 3647 3568 3669 3832 3944 4177 4299 4399 4549 4933 4936 4949 5189 5251 5468 5641 5825 5911 6060 6533 6459 6589 6779 6895 7072 7266 7465 7602 7832 8074 8283 8500 8837 8762 9055 9301 9517 9698 9779 10137 10229 10470 10670 11788 11097 11342
1 4 10 18 28 40 54 85 98 113 133 161 187 219 251 292 325 370 406 460 497 541 604 642 704 763 859 950 963 1045 1143 1152 1219 1293 1440 1574 1594 1745 1689 1804 1885 1964 2049 2150 2244 2371 2452 2571 2665 2792 2909 3023 3110 3275 3353 3489 3627 3749 3889 4239 4295 4887 4463 4614 4756 4892 5098 5371 5426 5424 5647 5829 5944 6096 6276 6460 6640 6760 6881 7181 7356 7484 7657 7895 8029 8234 8425 8783 8831 9023 9273 9443 9624 9803 10212 10248 11113 10662 10957 11145
1 4 10 17 27 41 56 70 90 111 136 163 188 216 253 288 324 367 401 456 488 545 585 643 699 751 812 870 935 998 1070 1141 1217 1332 1445 1557 1645 1762 1715 1789 1880 1998 2057 2146 2250 2828 2481 2577 2697 2804 2899 3021 3134 3257 3383 3490 3618 3829 3915 4090 4158 4934 4512 4565 4700 4943 5052 5141 5311 5475 5605 5754 5989 6292 6491 6598 6785 6984 7138 7318 7589 7660 7866 8053 8251 8483 8666 8869 9088 9340 9453 9700 9825 9877 10176 10615 11356 11010 11366 11424
1 4 10 18 29 41 58 72 91 113 136 162 186 219 259 283 323 361 412 459 512 559 614 677 718 787 833 911 970 1051 1144 1199 1273 1370 1445 1511 1616 1765 1744 1845 1954 2015 2159 2238 2452 2936 5763 3814 2731 2955 2918 3049 3225 3376 3476 3643 4101 4840 4101 4307 4456 4957 4596 4598 4805 5012 5172 5373 5534 5754 5848 6069 6168 6377 6544 6548 7051 7586 10199 9970 7962 9031 8868 8724 10045 9831 10177 9939 10052 10073 10295 11075 11316 10671 11232 11677 12418 12403 12187 12547
1 5 10 22 37 57 71 89 103 123 150 182 212 243 281 335 431 424 444 487 532 572 717 851 911 938 917 969 1058 1106 1217 1294 1360 1444 1588 1621 1734 1885 1979 2164 2127 2241 2367 2487 2540 2706 2740 2833 2985 3102 3243 3423 3413 3448 3637 3805 3869 3977 4401 4666 4574 5276 4786 4908 5194 5123 5276 5553 6067 6051 6248 6641 6583 7119 6931 6904 7271 7456 7548 8157 8241 8289 8510 8722 9217 9237 9382 9923 9970 9893 9990 10275 10764 11436 11463 11238 12663 16024 14704 14035
1 6 15 21 40 45 59 76 101 121 144 188 236 275 357 342 391 473 433 532 626 656 634 698 820 903 954 1004 1168 1268 1220 1399 1578 1506 1670 1853 1719 1826 2102 2197 2262 2208 2623 2675 3023 2968 3091 3372 3160 3414 3074 3300 3857 3363 4053 4761 3880 3995 4195 4521 4782 5152 4672 4807 5022 5964 5376 5726 6087 6360 6449 6544 6643 6768 6587 6745 7117 7284 7395 7560 7785 8002 9544 8355 8853 9550 8955 9056 9077 9309 9510 9721 10125 10334 10469 10372 11452 11383 11418 11494
1 4 10 18 28 41 61 72 97 115 138 162 190 220 257 287 318 374 401 465 511 570 960 813 916 938 942 1007 1139 1075 1136 1337 1321 1369 1561 1590 1630 1802 1821 1971 2162 2222 2214 2413 2716 2644 2816 2804 2909 3057 3189 3224 3443 3559 3838 3968 3900 4043 4142 4253 4472 5146 4888 4909 5071 6107 6592 5954 5950 6256 6624 6555 6724 6970 7290 7009 7212 7468 7430 8323 8567 8278 8465 8655 9103 9712 9799 9627 9829 9569 10415 10210 10248 10463 11431 11526 11979 11370 11874 12120
1 5 12 19 29 39 59 76 98 124 142 171 205 230 275 384 424 426 435 484 529 570 613 684 748 800 880 970 997 1101 1171 1217 1296 1367 1546 1624 1782 1874 1867 1964 2056 2118 2185 2464 2444 2477 2664 2738 2879 2959 3094 3207 3387 3640 3637 3749 3891 4009 4217 4347 4416 5136 4763 4945 5118 5232 5658 5728 5808 6073 6472 6447 6308 6788 7037 7047 7332 7733 7684 8052 7996 8886 8776 8841 9768 9632 9810 9343 9479 10208 11089 10705 10661 11246 11378 11462 12551 11742 11856 12016
1 5 11 23 29 43 76 77 99 129 149 179 211 261 322 350 390 442 527 530 630 722 754 818 885 981 974 1068 1099 1180 1183 1320 1506 1508 1720 1670 1701 1853 2212 2033 2141 2296 2402 2564 2811 2724 2807 3003 3412 3575 3721 3855 3969 4149 4238 4329 4280 4162 4304 4450 4840 5781 4998 5440 5241 5616 5688 6214 5892 6059 6248 7135 6715 7088 6995 7209 7554 8154 8935 8695 8704 8311 8349 9031 8983 9415 9324 9659 9718 9989 10887 10521 10629 11318 10956 11166 12394 11786 11835 14017
1 7 11 20 33 52 64 91 107 146 172 194 244 271 335 375 388 453 513 558 673 743 779 843 867 993 1124 1223 1214 1345 1428 1448 1506 1560 1798 1840 1993 1952 1811 2019 2013 2141 2218 2381 2609 2584 2947 2777 3121 2959 3103 3299 3504 3483 3658 3830 3894 4052 4192 4361 4492 5395 4816 4947 5052 5341 5527 5473 5746 6089 6466 6526 6647 6742 6665 6958 7292 7244 7464 7685 7766 8033 8330 8484 8517 9113 9181 9195 9539 10235 10222 10947 10528 10473 10687 11454 11860 11320 11604 12417
1 4 10 18 28 47 59 74 98 131 154 169 197 228 264 318 335 393 421 474 513 564 629 673 785 808 887 930 1068 1105 1140 1207 1319 1411 1559 1522 1674 2058 2042 2017 1999 2108 2186 2261 2361 2644 2825 2845 3027 3178 3181 3245 3313 3553 3702 3759 3907 3973 4183 4389 4384 5101 4750 4875 5304 5316 5699 5504 6382 5905 7104 7104 6677 6713 7053 7098 7409 7767 8435 8223 8699 8608 9176 8761 9413 9442 9857 9595 9876 10501 10034 10899 11837 12570 12214 12085 12344 12435 11951 12490
3 5 9 21 32 50 69 75 113 145 150 233 248 265 349 306 458 399 476 526 526 592 673 687 752 774 839 985 995 1076 1146 1216 1272 1326 1442 1520 1610 1748 1892 1879 2146 2007 2091 2219 2367 2470 2605 2653 2735 2995 3011 3148 3290 3452 3476 3834 4328 4350 4840 4606 4819 5618 4945 5048 5290 5639 5598 5654 5881 6506 6382 6525 6403 6646 7091 7156 7368 7845 7631 8393 8180 8093 7974 9037 9746 9120 9764 9994 9760 9981 10482 10829 10830 11247 11210 12208 14240 13053 12796 15028
1 9 18 34 83 59 74 98 112 154 207 221 266 308 343 384 448 479 671 729 810 926 820 864 965 944 1326 1206 1236 1278 1428 1768 1788 1699 1936 2000 1959 2236 2652 2416 2558 2895 2563 2863 2875 2911 3434 3379 3079 3045 3444 3522 3713 3927 3918 4325 4342 4369 4297 4509 4501 5424 4957 5088 5251 5356 5387 5733 6040 6068 6285 6578 6665 6902 7054 7227 7275 7449 8957 7938 8233 8653 8575 9091 9045 9896 9168 10826 10476 10243 10663 10004 10339 10338 10682 11517 12803 11495 12876 13261
2 9 14 39 62 61 83 146 164 183 259 240 266 291 351 421 455 414 422 459 518 568 639 733 772 801 861 923 998 1065 1131 1183 1295 1344 1451 1477 1665 1660 1775 1902 1966 2181 2216 2251 2354 2579 2627 2721 2762 2834 3119 3046 3176 3412 3619 3645 3864 3924 3957 4285 5095 5500 4782 4925 5347 5603 5616 5735 5740 5860 5823 5964 6570 6308 7146 7027 7310 7469 7157 7379 7550 8099 8434 8428 8737 8989 8795 9593 10087 9646 10027 10478 10956 11214 11567 11493 11534 11123 11434 11689
1 5 10 18 28 40 57 72 112 133 138 194 190 264 288 329 346 368 454 504 507 558 625 658 721 788 850 965 974 1035 1109 1258 1310 1339 1454 1495 1586 1765 1736 1892 1934 2029 2139 2293 2325 2456 2568 2678 2982 3173 3036 3363 3387 3509 3555 3608 3840 3884 4029 4227 4297 5073 4650 4725 4905 5044 5198 5624 5855 5816 5848 5998 6414 6494 6583 6626 6854 7627 7455 7319 7472 7748 8022 8310 8736 8846 9211 8917 9356 9466 10138 10489 11492 10952 10900 10724 11842 14488 13655 12658
1 4 10 18 32 43 62 71 95 112 137 164 189 229 272 304 352 388 445 465 494 552 603 657 721 782 836 902 953 1019 1076 1207 1459 1293 1412 1462 1574 1729 1835 1925 1896 2018 2165 2315 2319 2533 2755 2826 2711 2857 3197 3091 3357 3450 3608 3532 3715 3876 4512 4519 4357 5247 4516 5028 5451 5378 5290 5271 5560 5941 6138 6078 6314 6555 6690 7147 7252 7116 7795 7422 7664 8148 8157 8621 8627 8785 8785 9591 9306 10341 12774 12425 10179 11575 10756 10713 11625 11598 11968 11732
1 4 12 20 29 40 60 87 92 136 164 199 223 249 261 314 341 365 450 452 504 551 631 669 738 780 824 961 960 1031 1117 1222 1237 1318 1441 1486 1661 1733 1732 1983 2083 2047 2139 2237 2344 2606 2570 2796 2827 3022 3294 3129 3417 3612 3759 4084 3886 4305 4746 5250 4476 5684 4826 5293 5050 5235 5539 5634 5922 6169 6937 6750 7736 6868 7990 7723 7754 7985 7843 8499 8637 8507 8418 8688 9027 8992 9171 9374 9685 9763 10293 10393 10546 10722 11077 11140 12295 11807 11896 13645
1 4 16 26 36 44 65 76 97 117 147 167 202 233 265 350 409 394 440 563 650 662 656 750 796 894 925 1058 1076 1132 1195 1278 1608 1689 1687 1775 1782 1831 1858 2114 2240 2172 2223 2825 2573 2637 2662 2662 2738 2864 3061 3312 3367 3840 4404 4129 4522 4264 4587 4402 4504 5177 4847 5188 5775 5608 5545 5589 5992 6088 6207 6311 7004 6803 6933 7051 7318 7704 7766 7728 8536 8843 9199 9534 9795 9179 9009 9542 9480 10105 10424 10595 10874 10694 11918 11879 11980 11853 11925 12595
1 5 12 20 34 47 77 92 118 134 145 176 207 274 290 440 449 508 560 639 575 714 868 839 761 975 1160 1227 1404 1328 1448 1345 1568 1682 1723 1657 1613 1917 1981 1942 2028 2104 2232 2355 2487 2492 2616 2885 2798 3064 3174 3313 3318 3614 3666 4351 4216 4398 4808 5159 5226 5704 4983 5002 5923 5722 5970 5540 5780 6757 6808 6391 6368 6741 7220 7029 7154 7163 7612 7767 7669 7976 8206 8251 8630 8865 10668 10192 10195 10048 10163 10129 10524 10522 11519 11184 12413 11864 12798 13128
1 4 10 18 29 41 56 74 94 128 145 168 197 252 278 304 341 391 428 478 532 659 710 691 809 899 884 929 1092 1182 1291 1280 1306 1359 1489 1568 1609 1911 1865 1891 1977 2206 2256 2317 2492 2651 3435 3268 3210 3006 3376 3333 3406 3465 3592 3644 3707 3911 4034 4514 4593 5641 5937 5761 5831 5096 5650 5565 5757 6044 6295 6926 6582 6536 6717 6884 7152 7146 7390 7346 7620 8243 8409 9799 9211 9169 9037 8996 9294 9189 9509 9939 10664 10920 12210 11898 11703 11972 12127 12508
1 5 16 21 31 47 66 85 94 128 147 173 216 239 320 298 378 417 478 552 583 662 740 710 770 946 931 970 1041 1200 1349 1372 1695 1637 1808 1678 1844 1851 1949 2048 2018 2364 2290 2371 2800 2669 2879 2709 2842 2894 3041 3256 3438 3446 3510 3674 3769 3909 4022 4183 4384 5412 4688 4801 4945 5181 5680 5564 5574 5707 5958 6156 6230 6487 6620 6776 7205 7299 7477 7678 7854 8184 7987 10261 10033 8651 9348 9465 9415 9836 9985 10407 10830 10391 10644 10993 11835 11860 12114 12397
1 4 10 17 29 40 55 72 90 112 134 164 190 222 255 289 323 369 408 460 502 550 603 648 717 773 824 889 954 1015 1095 1157 1235 1312 1421 1462 1582 1706 1733 1895 1948 2110 2105 2193 2328 2396 2496 2621 2730 2822 2950 3062 3188 3329 3409 3554 3680 3804 3953 4081 4289 5017 4631 4723 4766 4929 5063 5250 5382 5530 5695 5887 6086 6327 6356 6555 6694 6881 7071 7264 7399 7599 7968 7967 8168 8354 8590 8774 9227 9303 9400 9578 9807 9990 10213 10424 11530 10860 11077 11309
1 4 11 18 28 39 54 78 91 113 136 165 191 227 254 291 324 367 409 451 500 550 593 653 700 765 831 886 951 1022 1092 1153 1235 1315 1420 1527 1627 1752 1730 1815 1913 1999 2113 2197 2320 2394 2493 2618 2728 2836 2932 3050 3162 3304 3410 3558 3644 3824 3917 4290 4235 4916 4507 4611 4783 4945 5081 5214 5396 5536 5707 5954 6048 6155 6365 6550 6724 6841 7043 7183 7414 7940 7744 7993 8172 8388 8567 8749 8998 9365 9361 9589 9778 9952 10163 10611 11267 10835 11092 11333
1 4 10 18 28 40 54 72 91 113 135 164 187 218 257 293 324 370 411 454 508 545 596 651 710 784 830 891 959 1025 1105 1197 1273 1329 1472 1471 1553 1713 1718 1800 1912 1997 2093 2174 2276 2404 2511 2601 2715 2840 2932 3081 3194 3301 3421 3569 3699 3899 3966 4088 4185 4916 4467 4620 4807 4927 5072 5238 5388 5525 5758 6009 6100 6217 6355 6537 6704 6848 7037 7250 7574 7585 7800 7946 8162 8359 8558 8742 9141 9158 9360 9575 9773 9991 10230 10702 11295 10859 11070 11322
1 4 10 18 28 41 56 74 91 113 136 164 190 220 253 287 324 368 411 455 493 544 596 654 711 814 860 913 985 1058 1089 1159 1241 1358 1434 1462 1566 1718 1713 1816 1888 1985 2089 2197 2275 2413 2483 2576 2691 2810 2893 3053 3136 3257 3382 3513 3745 3793 3903 4044 4160 4858 4454 4578 4745 4880 5030 5178 5331 5546 5705 5762 5958 6142 6297 6469 6648 6798 6989 7263 7458 7505 7719 7882 8102 8272 8466 8758 8959 9082 9264 9488 9660 9896 10310 10356 11158 10769 10929 11181
1 4 10 17 28 40 54 72 91 112 134 160 189 218 252 286 322 363 406 455 492 558 634 652 715 774 816 878 933 1005 1078 1141 1231 1289 1417 1452 1527 1700 1699 1793 1913 1981 2066 2176 2250 2354 2479 2588 2692 2797 2916 3017 3167 3270 3382 3624 3668 3769 3909 4029 4175 4842 4438 4594 4726 4862 5020 5167 5321 5610 5659 5808 5945 6101 6310 6457 6636 6760 6990 7319 7366 7518 7709 7911 8089 8296 8902 9302 9049 10397 9908 9497 9664 9953 10296 10281 11126 10720 10992 11183
1 4 10 18 31 40 74 72 95 110 135 190 190 228 275 298 328 371 414 445 493 537 594 651 703 751 816 883 949 1001 1080 1148 1216 1298 1411 1452 1531 1697 1711 1797 1888 1981 2073 2171 2258 2372 2469 2578 2691 2792 2917 3014 3146 3330 3508 3519 3636 3769 3914 4031 4151 4850 4437 4573 4743 4872 5033 5172 5434 5504 5655 5782 5939 6155 6297 6470 6625 6800 7069 7355 7341 7511 7721 7878 8102 8268 8481 8772 8856 9055 9285 9439 9708 9986 10209 10283 11147 10738 10981 11264
1 4 10 27 27 47 57 71 100 112 133 199 190 217 256 286 318 360 399 453 491 542 595 641 697 759 820 877 950 1006 1072 1146 1223 1297 1404 1462 1527 1697 1697 1803 1885 1977 2062 2167 2275 2365 2471 2583 2686 2874 2901 3039 3156 3359 3412 3510 3640 3756 3872 4026 4143 4849 4453 4591 4738 4881 4992 5154 5512 5462 5650 5798 5963 6114 6291 6475 6608 6773 7100 7174 7326 7522 7695 7852 8079 8276 8535 8800 8863 9085 9254 9480 9644 9922 10214 10304 11122 10726 10970 11302
1 4 12 17 27 40 55 71 94 112 135 162 187 219 255 289 323 362 401 445 492 542 588 650 705 755 813 890 944 1004 1067 1147 1217 1299 1412 1449 1533 1708 1707 1775 1881 1969 2055 2183 2281 2361 2461 2569 2697 2801 2910 3018 3181 3354 3399 3513 3617 3744 3904 4019 4163 4875 4469 4630 4713 4850 5005 5229 5417 5470 5643 5802 5958 6108 6302 6483 6642 6815 7214 7152 7359 7547 7709 7875 8089 8291 8614 8726 8869 9079 9242 9498 9680 9991 10099 10325 11140 10754 10969 11350
1 4 11 18 27 40 55 81 90 111 134 161 189 216 250 287 326 361 404 444 491 541 596 646 696 767 828 882 942 1001 1074 1145 1216 1306 1405 1456 1523 1701 1701 1798 1873 1980 2075 2172 2246 2375 2473 2580 2676 2780 2919 3026 3213 3361 3390 3496 3634 3773 3921 4032 4176 4876 4443 4571 4731 4862 5017 5337 5400 5472 5622 5780 5944 6133 6266 6431 6690 6819 7241 7146 7372 7495 7686 7885 8045 8246 8628 8522 8710 8868 9110 9329 9375 9799 9887 10018 10953 10550 10756 11017
1 4 9 17 27 39 53 68 92 108 130 155 187 211 242 279 317 354 389 448 490 535 581 638 693 741 819 852 922 992 1053 1132 1199 1271 1385 1431 1501 1665 1674 1756 1847 1967 2029 2122 2188 2330 2413 2516 2628 2739 2871 2925 3090 3283 3337 3449 3582 3680 3828 3985 4048 4760 4302 4503 4607 4774 5034 5105 5383 5345 5472 5683 5760 5921 6161 6323 6495 6664 6850 7066 7199 7351 7592 7687 7908 7997 8214 8635 8650 8890 9030 9146 9490 9704 10017 10097 10769 10463 10735 10897
1 4 9 17 27 40 53 73 88 108 132 156 184 217 247 279 306 383 407 465 498 536 589 675 707 745 798 864 914 988 1056 1125 1192 1271 1397 1421 1513 1642 1662 1765 1836 1930 2039 2119 2197 2324 2429 2485 2625 2732 2867 2947 3052 3217 3269 3536 3596 3707 3824 3911 4032 4782 4390 4498 4598 4740 4924 5049 5156 5458 5576 5687 5808 5939 6134 6331 6468 6632 6740 7026 7294 7380 7533 7750 7914 8102 8233 8406 8778 8876 8983 9150 9527 9655 9889 10300 10821 10464 10601 10804
1 4 10 17 27 39 54 74 89 110 131 154 192 209 247 285 315 359 397 443 486 533 581 632 687 750 790 854 924 1013 1073 1138 1229 1278 1367 1420 1506 1663 1659 1772 1850 1954 2035 2135 2231 2322 2412 2525 2648 2748 2859 2949 3092 3182 3327 3406 3578 3746 3859 3924 4095 4713 4368 4456 4575 4777 4947 4988 5214 5371 5469 5895 5762 5980 6098 6341 6443 6689 6817 6980 7150 7540 7528 7794 7905 8087 8296 8507 8636 8996 9041 9240 9511 9629 9925 10243 10965 10478 10682 10876
1 4 10 17 27 38 53 70 89 106 132 158 183 214 248 283 318 354 398 434 482 535 587 634 685 733 801 859 932 1003 1059 1129 1205 1268 1445 1466 1554 1681 1695 1733 1861 1920 2030 2143 2245 2322 2423 2535 2667 2739 2846 2983 3092 3215 3343 3456 3522 3681 3774 4081 4214 4739 4362 4503 4688 4792 4947 5082 5171 5378 5563 5686 6056 5991 6204 6383 6540 6621 6772 7019 7127 7472 7641 7745 7936 8127 8276 8515 8694 8978 9128 9311 9466 9689 9860 10087 11100 10525 10780 10984
1 4 9 17 27 41 53 70 88 110 132 155 184 211 249 277 316 354 392 441 484 537 581 632 685 741 798 867 919 1002 1065 1128 1196 1265 1390 1428 1492 1662 1711 1796 1862 1931 2002 2118 2225 2319 2426 2541 2647 2736 2835 2944 3089 3224 3290 3413 3565 3701 3836 3954 4111 4867 4355 4525 4608 4797 4933 5050 5206 5393 5516 5677 5844 6117 6198 6343 6559 6679 6846 7027 7182 7397 7619 7806 7931 8132 8311 8515 8716 8908 9235 9312 9522 9667 9929 10025 10932 10632 10777 10968
1 4 9 17 27 38 54 70 87 107 129 160 183 214 240 278 319 357 399 442 491 525 582 626 680 746 794 857 924 998 1050 1118 1196 1258 1375 1409 1510 1667 1673 1745 1823 1953 2087 2200 2240 2312 2377 2487 2618 2737 2859 2945 3045 3192 3335 3403 3553 3668 3804 3971 4080 4769 4433 4536 4590 4739 4917 5004 5246 5386 5518 5684 5840 5918 6284 6293 6486 6673 6840 7042 7178 7279 7476 7763 7989 8106 8260 8439 8706 8911 9031 9395 9501 9667 9857 10068 10890 10580 10700 11008
1 4 9 17 27 38 53 70 87 109 132 158 187 215 246 283 321 356 399 442 490 536 586 637 693 746 802 863 923 979 1057 1113 1195 1246 1386 1413 1483 1645 1668 1733 1826 1929 2041 2129 2218 2420 2473 2534 2637 2747 2849 2926 3058 3174 3288 3443 3579 3678 3756 3988 4058 4716 4301 4539 4725 4688 4921 5042 5159 5307 5522 5708 5798 5945 6116 6460 6467 6635 6842 6995 7170 7355 7541 7789 8014 8054 8322 8488 8668 8850 9103 9300 9682 9692 9904 10082 10941 10536 10884 10922
1 4 9 17 27 39 55 70 88 110 133 161 183 213 245 277 309 355 398 439 478 530 580 643 683 742 803 868 918 982 1052 1128 1187 1262 1385 1417 1524 1643 1667 1748 1827 1957 2016 2116 2241 2315 2402 2567 2700 2757 2854 2984 3068 3198 3333 3460 3560 3693 3771 3901 4122 4766 4305 4480 4615 4851 4928 5041 5135 5347 5526 5695 5852 6025 6118 6323 6526 6711 6879 6921 7219 7355 7530 7691 7904 8263 8328 8446 8742 8939 9061 9260 9576 9694 9860 10139 10939 10534 10756 11079
1 4 10 17 27 39 53 68 88 109 131 159 186 213 247 283 319 356 392 442 474 540 584 628 696 745 794 859 925 996 1065 1128 1204 1263 1361 1408 1488 1660 1654 1757 1818 1939 2032 2145 2202 2326 2441 2536 2616 2752 2982 3021 3068 3195 3337 3444 3584 3681 3825 4036 4078 4731 4320 4492 4639 4792 4990 5122 5162 5353 5520 5686 5866 5989 6187 6367 6484 6787 6945 7031 7191 7379 7561 7787 7882 8088 8406 8475 8711 8928 9097 9297 9480 9888 9945 10111 10969 10536 10722 11108
1 4 9 17 27 39 54 69 88 107 129 159 182 216 253 275 311 352 393 438 474 524 584 638 677 737 802 862 932 989 1051 1128 1187 1259 1390 1426 1501 1656 1663 1755 1831 1945 2026 2095 2200 2329 2426 2550 2645 2745 2868 3011 3165 3214 3313 3383 3554 3644 3807 3967 4008 4732 4348 4503 4564 4792 4926 5171 5286 5295 5500 5711 5756 6018 6067 6282 6503 6601 6905 6989 7197 7325 7689 7722 7890 8139 8289 8568 8717 8739 9096 9267 9411 9671 9869 9989 10893 10386 10654 10861
1 4 10 18 29 38 60 77 95 110 130 168 185 235 246 290 328 356 399 461 481 536 580 635 678 744 797 860 924 982 1050 1110 1207 1285 1385 1404 1522 1658 1666 1768 1841 1940 2037 2100 2219 2282 2431 2521 2629 2747 2822 2922 3069 3201 3426 3460 3577 3694 3840 3913 4103 4723 4290 4512 4591 4757 4902 5062 5194 5455 5521 5685 5797 5963 6152 6303 6493 6652 6806 7096 7182 7376 7548 7604 7879 8079 8279 8569 8713 8863 8991 9144 9493 9592 9968 10114 10855 10407 10719 10878
1 4 10 17 27 39 53 69 88 108 134 163 184 215 245 282 319 356 397 438 480 524 588 636 705 774 818 902 973 996 1055 1125 1201 1267 1384 1418 1499 1656 1681 1756 1851 1906 2004 2125 2196 2302 2430 2551 2643 2752 2829 2962 3078 3200 3322 3421 3635 3727 3775 3950 4070 4779 4383 4494 4669 4734 4896 5011 5200 5413 5614 5652 5820 5906 6083 6345 6512 6634 6840 6920 7273 7241 7534 7745 7905 8118 8362 8475 8780 8860 8959 9253 9452 9555 9879 10215 10906 10468 10763 10851
1 4 9 17 27 39 54 69 86 109 132 160 186 215 247 282 317 359 400 444 484 528 587 629 694 756 801 862 922 984 1056 1173 1213 1319 1406 1400 1501 1646 1666 1747 1849 1931 2017 2108 2200 2310 2412 2515 2624 2685 2818 2961 3029 3141 3298 3426 3558 3684 3878 3922 4068 4749 4338 4412 4655 4737 4889 5004 5205 5338 5468 5766 5907 5953 6176 6335 6493 6699 6857 6986 7081 7544 7433 7687 7911 8102 8320 8476 8676 8967 8949 9247 9418 9701 9809 10081 10984 10471 10720 10922
1 4 9 17 27 39 54 70 89 112 131 158 186 216 245 279 324 354 399 442 489 519 573 635 678 726 804 856 916 990 1065 1107 1203 1254 1370 1453 1562 1718 1685 1745 1857 1965 2023 2113 2228 2340 2416 2538 2618 2734 2847 2959 3083 3208 3332 3432 3566 3701 3819 4126 4104 4698 4376 4436 4590 4773 4943 5069 5214 5363 5426 5681 5933 5987 6182 6321 6471 6653 6863 7036 7138 7441 7663 7760 7947 8100 8309 8482 8647 8991 9165 9305 9514 9714 9910 10165 11064 10565 10684 10994
1 4 10 18 26 38 62 69 87 107 129 156 183 212 249 283 318 348 392 432 481 525 572 625 677 728 801 861 928 990 1036 1126 1198 1279 1384 1415 1496 1672 1757 1804 1884 1946 2020 2128 2256 2347 2437 2519 2625 2741 2854 2954 3046 3211 3305 3410 3583 3655 3828 3911 4105 4854 4365 4438 4576 4758 4944 5086 5266 5358 5481 5878 5816 6055 6121 6338 6475 6686 6866 6997 7124 7334 7643 7795 7908 8020 8332 8430 8608 8864 9223 9178 9481 9692 9862 10075 10883 10644 10638 10940
1 4 10 17 27 39 55 69 86 108 138 157 184 212 248 276 318 351 399 442 486 529 585 642 676 741 808 857 911 985 1051 1113 1181 1271 1388 1431 1515 1652 1653 1770 1839 2002 2095 2160 2224 2324 2438 2554 2607 2717 2873 2966 3089 3188 3272 3443 3592 3691 3789 3925 4077 4720 4421 4528 4620 4746 4928 5056 5228 5290 5441 5619 5839 5933 6341 6280 6468 6718 6732 7013 7176 7282 7525 7770 7952 8096 8275 8438 8574 8831 9073 9449 9397 9571 9884 10091 10933 10534 10676 10848
1 4 10 18 27 40 52 68 88 109 132 161 185 213 245 278 319 356 394 442 475 532 578 625 690 742 812 851 920 995 1057 1136 1207 1276 1363 1413 1487 1644 1662 1754 1863 1905 2014 2125 2245 2372 2454 2492 2602 2709 2858 2929 3075 3142 3325 3423 3561 3694 3778 3947 4073 4718 4349 4518 4685 4783 4855 5106 5198 5354 5549 5702 5811 6027 6130 6458 6478 6672 6849 7017 7246 7416 7586 7770 8060 8131 8324 8493 8680 8867 9088 9354 9568 9707 9889 10119 10980 10572 10878 10975
1 4 10 17 27 39 52 70 88 112 135 158 186 217 242 279 317 354 401 435 480 530 580 634 686 747 799 864 910 978 1066 1130 1206 1272 1392 1433 1498 1663 1689 1757 1838 1953 2048 2127 2251 2316 2427 2580 2705 2786 2825 2967 3108 3208 3358 3456 3565 3690 3829 3977 4098 4779 4354 4499 4722 4819 4931 5102 5243 5375 5546 5701 5866 5990 6184 6346 6635 6706 6841 7036 7198 7360 7559 7770 7975 8183 8287 8503 8636 8853 9081 9320 9641 9712 9933 10104 10913 10454 10909 10972
1 4 10 17 27 39 54 71 89 108 131 160 185 209 250 279 319 356 391 442 478 531 581 636 683 746 794 852 922 986 1044 1103 1194 1271 1395 1428 1506 1653 1673 1765 1839 1923 2045 2114 2229 2340 2419 2529 2662 2801 2884 2974 3090 3210 3300 3457 3559 3741 3808 3972 4109 4699 4369 4461 4654 4866 4985 5063 5217 5380 5534 5689 5826 6029 6162 6347 6577 6769 6827 6988 7223 7393 7550 7693 7821 8152 8356 8485 8698 8888 9118 9298 9505 10013 9907 10081 10914 10555 10771 11106
1 4 9 17 27 39 56 71 89 110 132 160 186 211 250 280 316 358 393 441 481 519 583 637 687 737 804 866 923 985 1068 1122 1202 1271 1390 1404 1507 1661 1650 1758 1860 1939 2026 2154 2227 2348 2412 2527 2624 2741 2905 3021 3070 3186 3350 3420 3575 3694 3811 3965 4078 4780 4324 4518 4624 4782 4981 5177 5223 5365 5527 5690 5857 6004 6154 6329 6535 6788 6839 7013 7173 7441 7564 7745 7926 8167 8451 8441 8677 8898 9084 9278 9387 9805 9879 10175 10970 10512 10638 11138
1 4 9 17 27 39 52 69 87 106 131 160 185 213 244 281 314 359 387 444 489 530 577 634 696 745 803 862 932 989 1067 1119 1199 1268 1397 1429 1534 1672 1686 1762 1849 1949 2044 2141 2220 2331 2440 2535 2642 2763 2834 2967 3158 3227 3337 3468 3596 3692 3831 3948 4074 4799 4322 4513 4606 4829 4949 5162 5299 5366 5521 5717 5831 6020 6167 6292 6495 6697 7001 7026 7220 7393 7561 7748 7943 8075 8393 8584 8651 8903 9012 9290 9477 9764 9952 10064 10924 10546 10727 10981
1 4 10 17 27 42 63 69 103 110 133 157 185 227 247 299 311 355 390 437 476 528 585 638 690 740 810 862 920 988 1061 1121 1209 1261 1368 1432 1498 1666 1676 1751 1833 1941 2010 2103 2214 2311 2397 2510 2632 2736 2853 2980 3110 3261 3415 3474 3575 3699 3819 3918 4084 4710 4393 4458 4669 4803 4947 5079 5316 5384 5558 5695 5863 6025 6176 6326 6494 6648 6837 7137 7217 7279 7524 7759 7923 8072 8320 8644 8728 8849 9000 9252 9402 9571 9955 10085 10924 10518 10715 10911
1 4 10 17 27 39 53 69 88 109 131 158 183 215 248 279 316 355 397 481 507 540 583 631 693 758 804 849 914 988 1052 1123 1186 1261 1393 1415 1510 1658 1649 1751 1812 1928 2015 2127 2218 2315 2395 2525 2632 2735 2835 2968 3043 3186 3325 3526 3586 3700 3837 3923 4042 4696 4347 4479 4601 4806 4925 5040 5206 5438 5552 5719 5797 5954 6167 6338 6570 6675 6777 7040 7245 7347 7575 7638 7959 8136 8366 8368 8817 8804 9106 9300 9465 9657 9792 10111 10828 10565 10685 10959
1 4 10 17 27 39 54 71 87 107 133 160 183 209 251 281 316 361 392 439 482 540 574 640 679 741 799 847 964 1011 1084 1155 1211 1265 1368 1420 1495 1662 1674 1771 1849 1949 2014 2117 2227 2317 2420 2506 2637 2747 2844 2929 3060 3189 3320 3543 3560 3784 3850 3889 4093 4778 4349 4511 4631 4787 4936 5053 5228 5303 5593 5756 5839 6001 6203 6294 6479 6635 6865 7061 7294 7438 7543 7687 7925 8080 8365 8467 8709 8881 9045 9230 9481 9691 9735 10210 10987 10471 10757 10832
1 4 9 17 28 39 53 72 89 107 129 160 187 211 249 277 313 355 395 437 481 528 582 633 695 742 807 850 920 984 1061 1126 1190 1329 1424 1469 1513 1651 1672 1731 1865 1937 2023 2108 2238 2320 2415 2516 2634 2744 2852 2974 3090 3182 3329 3384 3554 3723 3849 3992 4087 4722 4363 4471 4636 4805 4946 5088 5155 5377 5463 5661 5901 6033 6118 6310 6509 6681 6795 6938 7294 7331 7456 7633 7941 8109 8276 8434 8724 8961 9105 9262 9391 9625 9917 10114 11012 10379 10621 10852
1 4 9 17 26 39 60 70 89 110 133 158 186 217 248 283 323 355 400 442 485 530 583 631 688 741 808 862 914 986 1065 1110 1200 1272 1384 1428 1492 1716 1714 1797 1830 1915 2033 2117 2237 2331 2427 2490 2606 2759 2828 2961 3086 3179 3340 3443 3525 3660 3832 3944 4203 4831 4327 4423 4649 4778 4918 5059 5206 5363 5472 5696 5760 6041 6152 6331 6486 6600 6806 7033 7073 7403 7641 7741 7824 8074 8326 8495 8702 8852 9072 9136 9456 9670 9866 9957 11028 10706 10720 10915
1 4 9 17 27 39 53 69 88 109 133 163 185 212 247 283 321 356 399 439 481 536 578 630 687 745 800 843 911 991 1066 1127 1202 1277 1372 1431 1487 1665 1672 1748 1895 2032 2066 2098 2236 2305 2438 2516 2626 2701 2847 2928 3077 3145 3323 3456 3531 3678 3799 3922 4123 4844 4403 4498 4621 4751 4936 4986 5248 5393 5445 5681 5845 6090 6274 6326 6442 6717 6838 7060 7169 7426 7478 7804 7883 8040 8246 8418 8637 8892 9156 9266 9431 9590 9890 9983 10904 10682 10700 11016
1 4 9 17 27 40 54 71 87 110 132 160 183 211 250 278 321 351 398 438 477 523 582 626 673 743 795 862 923 989 1046 1133 1206 1272 1381 1411 1506 1655 1654 1777 1844 1929 2004 2207 2316 2284 2397 2526 2594 2771 2850 2975 3074 3179 3302 3425 3526 3674 3828 3917 4077 4711 4396 4586 4588 4723 4954 5073 5213 5344 5484 5654 5789 6015 6215 6433 6526 6588 6783 6973 7126 7267 7558 7744 7988 7977 8173 8463 8643 8835 8998 9369 9483 9694 9768 10159 10904 10555 10838 10895
1 4 9 17 27 39 54 70 88 110 131 158 188 218 251 280 316 353 397 434 486 533 586 633 688 748 799 857 924 967 1056 1115 1210 1247 1371 1411 1490 1632 1659 1837 1897 1966 2010 2131 2218 2359 2463 2568 2631 2710 2876 2975 3063 3217 3335 3518 3580 3642 3834 3911 4091 4698 4325 4457 4746 4741 4930 5040 5196 5301 5475 5690 5862 5913 6102 6379 6591 6659 6859 7034 7126 7260 7550 7743 8020 8150 8202 8375 8695 8842 9072 9144 9525 9590 9756 10010 10954 10462 10821 10829
1 4 9 17 27 40 55 69 87 111 131 159 188 216 245 281 319 349 396 441 488 533 578 638 679 741 797 867 925 983 1041 1134 1189 1283 1360 1430 1482 1658 1655 1767 1850 1958 2028 2103 2219 2304 2438 2497 2712 2760 2898 2971 3064 3184 3332 3417 3535 3659 3808 3938 4060 4676 4345 4449 4593 4836 5004 5047 5175 5363 5466 5696 5827 6008 6155 6345 6542 6836 6860 7030 7190 7407 7580 7777 7884 8210 8339 8490 8712 8872 9029 9283 9589 9729 9914 10062 10890 10401 10646 11093
1 4 10 17 27 39 53 69 88 111 131 157 184 214 245 277 313 358 392 442 480 543 589 634 688 739 792 859 925 984 1057 1125 1185 1273 1382 1422 1500 1667 1654 1761 1846 1930 2027 2124 2221 2293 2374 2520 2626 2754 2850 3045 3102 3209 3305 3458 3547 3644 3787 3933 4063 4745 4360 4456 4648 4786 4946 5153 5222 5385 5467 5687 5775 6012 6155 6291 6446 6612 6960 7019 7093 7374 7538 7700 7824 8092 8288 8455 8732 8837 9008 9227 9500 9747 9969 10012 10960 10528 10655 11027
1 4 9 19 27 39 53 71 91 120 131 197 186 216 247 280 332 352 391 438 490 525 579 641 678 745 797 867 911 984 1055 1128 1206 1274 1383 1426 1501 1644 1661 1762 1843 1934 2023 2140 2236 2340 2387 2534 2627 2761 2864 2923 3049 3266 3352 3450 3559 3656 3798 3898 4073 4772 4369 4527 4639 4771 4920 5079 5283 5379 5541 5717 5823 6038 6154 6252 6426 6665 6785 7101 7218 7370 7468 7693 7923 8060 8257 8539 8641 8862 9005 9275 9399 9647 9920 10149 10870 10482 10797 10902
1 4 9 17 27 39 54 69 87 109 132 160 186 217 245 278 320 355 393 433 482 528 611 656 715 761 816 883 918 978 1058 1114 1189 1281 1370 1421 1493 1662 1659 1744 1818 1920 2042 2149 2197 2292 2410 2525 2647 2768 2836 2939 3023 3214 3321 3454 3660 3677 3765 3939 4077 4746 4364 4481 4580 4790 4887 5023 5208 5314 5664 5682 5868 5957 6090 6353 6526 6664 6750 7066 7267 7361 7484 7686 7888 8086 8267 8397 8809 8859 9104 9257 9329 9639 9790 10174 10828 10486 10792 10897
1 4 10 17 27 41 53 70 88 107 131 159 184 218 243 279 316 361 391 446 487 518 579 639 693 749 801 857 924 995 1040 1176 1225 1315 1405 1415 1486 1670 1668 1727 1835 1918 1994 2138 2197 2285 2412 2546 2612 2735 2853 2958 3056 3201 3272 3510 3577 3704 3918 3990 4078 4770 4309 4436 4618 4691 4913 5073 5229 5349 5510 5771 5877 6039 6194 6351 6421 6580 6858 7025 7160 7501 7468 7719 7846 8032 8202 8514 8637 9018 8996 9274 9463 9635 9848 10101 11035 10468 10756 10877
1 4 9 17 27 39 53 70 89 109 131 156 185 214 242 279 322 369 398 439 484 530 587 636 691 738 804 860 922 996 1070 1113 1204 1270 1378 1421 1534 1691 1696 1753 1842 1950 2029 2115 2225 2304 2425 2500 2636 2745 2826 2964 3118 3187 3303 3424 3533 3634 3746 3975 4160 4748 4320 4454 4623 4767 4864 5055 5200 5374 5570 5630 5856 6030 6144 6349 6504 6669 6746 7004 7132 7279 7656 7716 7893 8105 8226 8547 8619 8727 9165 9190 9468 9744 9809 10099 11073 10514 10709 10865
1 4 10 17 27 39 53 70 87 109 132 160 186 210 245 279 310 379 397 447 476 530 574 628 681 744 791 864 923 978 1050 1113 1197 1249 1365 1415 1513 1655 1656 1758 1878 1958 2061 2133 2234 2335 2411 2517 2613 2745 2824 2962 3066 3193 3314 3423 3524 3699 3813 3925 4059 4827 4385 4530 4563 4738 4885 5004 5187 5396 5503 5719 5882 6031 6233 6222 6492 6679 6817 6946 7134 7406 7528 7868 7874 8080 8280 8496 8716 8793 9103 9311 9485 9562 9867 10082 10838 10679 10574 10949
1 4 9 18 27 39 52 70 88 108 131 171 187 213 246 281 318 360 396 444 491 529 583 623 681 740 795 866 927 979 1051 1134 1200 1267 1379 1432 1509 1682 1666 1749 1863 1953 2027 2174 2276 2327 2428 2550 2630 2747 2924 2964 3067 3208 3311 3452 3562 3648 3828 3934 4088 4740 4341 4634 4638 4790 4936 5088 5143 5380 5522 5686 5849 5981 6202 6411 6504 6652 6849 7029 7255 7377 7580 7796 8078 8118 8266 8488 8686 8872 9005 9421 9352 9714 9916 10079 10856 10498 10702 10835
1 4 10 17 27 39 54 70 89 108 133 158 186 212 246 276 320 352 392 445 483 530 581 637 685 736 807 870 923 992 1055 1138 1190 1274 1375 1405 1505 1645 1654 1749 1814 1934 2025 2115 2214 2366 2499 2543 2632 2746 2821 2957 3062 3191 3313 3442 3571 3641 3814 3971 4046 4721 4317 4475 4725 4717 4920 5020 5250 5485 5596 5664 5826 6006 6177 6360 6470 6581 6888 7017 7175 7392 7479 7694 7999 8194 8245 8381 8695 8914 9126 9205 9604 9714 9803 9991 10864 10476 10833 10933
1 4 9 17 27 39 54 70 88 110 133 159 187 215 248 275 313 362 407 448 482 522 583 634 690 754 788 865 930 994 1060 1122 1201 1248 1375 1412 1498 1669 1666 1728 1853 1939 2013 2168 2219 2328 2417 2526 2714 2778 2858 2963 3041 3181 3305 3537 3583 3724 3800 3944 4094 4769 4365 4503 4620 4910 4908 5086 5202 5363 5500 5667 5803 5985 6116 6320 6587 6658 6845 6953 7158 7335 7527 7710 7945 8236 8301 8461 8575 8707 9063 9301 9578 9772 9783 9979 10938 10539 10693 11070
1 4 10 17 27 39 53 73 88 109 134 160 185 213 244 276 310 356 391 438 481 528 586 638 688 753 806 866 924 985 1065 1137 1200 1261 1376 1428 1496 1637 1671 1743 1857 1940 2032 2107 2200 2322 2418 2534 2630 2716 2939 3019 3086 3197 3328 3455 3576 3706 3774 3900 4070 4761 4356 4485 4616 4809 5007 5125 5259 5380 5549 5632 5825 5945 6158 6304 6522 6774 6888 7016 7226 7406 7567 7736 7953 8070 8411 8524 8686 8873 9138 9251 9509 9787 9946 10060 10843 10482 10769 11056
1 4 9 17 27 38 53 69 89 109 133 167 184 215 247 285 322 362 398 439 480 531 580 636 680 742 792 868 933 993 1062 1128 1206 1257 1383 1426 1515 1654 1672 1757 1855 1930 2011 2129 2217 2324 2416 2536 2617 2719 2876 2983 3162 3194 3325 3440 3589 3635 3818 3940 4109 4773 4358 4498 4577 4787 4951 5170 5320 5403 5480 5602 5862 6008 6173 6361 6538 6672 6978 6981 7209 7391 7580 7739 7931 8103 8376 8568 8635 8890 9020 9247 9471 9764 9955 10168 10957 10478 10738 10956
1 4 9 17 27 42 54 69 88 122 132 161 194 214 247 286 326 361 388 437 479 532 576 627 691 737 805 867 918 983 1049 1135 1190 1272 1379 1418 1505 1654 1672 1740 1842 1933 2036 2132 2237 2322 2420 2526 2643 2746 2853 2971 3088 3255 3411 3480 3570 3694 3845 3959 4140 4786 4378 4514 4662 4814 4896 5101 5276 5463 5528 5701 5829 6031 6176 6327 6500 6693 6871 7173 7219 7391 7565 7666 7937 8101 8290 8597 8718 8860 9085 9270 9523 9733 10014 10116 10915 10562 10609 11013
1 4 10 17 27 38 53 71 90 113 132 157 185 210 247 281 312 360 395 460 501 551 631 655 706 764 804 861 925 990 1064 1125 1204 1272 1358 1427 1512 1666 1667 1770 1845 1925 2032 2134 2231 2337 2431 2537 2621 2728 2841 2983 3078 3208 3327 3542 3622 3697 3793 3927 4086 4785 4339 4487 4633 4781 4905 5066 5215 5476 5585 5652 5824 6002 6125 6300 6492 6618 6816 7019 7298 7319 7519 7768 7933 8158 8354 8499 8910 8895 9041 9150 9460 9671 9780 10174 10968 10533 10744 11023
1 4 10 17 26 39 52 74 87 108 132 162 184 214 248 277 315 353 398 439 480 530 589 620 694 743 794 875 957 1000 1069 1152 1198 1274 1384 1414 1498 1662 1661 1733 1848 1929 2052 2134 2202 2300 2412 2524 2594 2739 2828 2917 3050 3199 3365 3387 3526 3731 3830 3953 4077 4779 4308 4507 4654 4760 4922 5037 5177 5306 5581 5785 5871 5904 6101 6310 6509 6593 6834 6968 7234 7426 7583 7646 7929 8150 8179 8463 8687 8888 9054 9270 9486 9661 9873 10179 10960 10524 10701 10984
1 4 9 17 27 39 54 70 90 109 132 161 187 214 252 280 314 355 397 448 478 522 578 632 692 736 801 860 920 981 1065 1126 1207 1305 1414 1492 1513 1659 1676 1756 1854 1952 2038 2132 2212 2342 2399 2543 2639 2729 2856 2962 3057 3198 3327 3452 3573 3690 3870 4044 4089 4768 4351 4498 4622 4762 4935 5097 5192 5344 5542 5720 5924 5999 6093 6308 6524 6705 6864 7026 7129 7478 7575 7731 7830 8116 8308 8481 8758 9063 9067 9320 9398 9682 9900 10112 11068 10395 10778 10979
1 4 9 17 27 38 53 70 88 108 132 157 184 217 250 281 314 360 394 439 485 535 583 621 674 735 789 854 925 979 1061 1137 1207 1263 1386 1421 1556 1721 1700 1752 1824 1934 2026 2126 2216 2344 2420 2531 2632 2724 2879 2971 3065 3214 3270 3376 3550 3661 3826 3977 4179 4759 4325 4400 4569 4712 4943 5061 5237 5305 5514 5673 5943 6021 6072 6246 6480 6656 6833 6981 7147 7384 7691 7727 7876 8112 8200 8440 8673 8853 9138 9267 9343 9537 9800 10102 10988 10567 10714 11010
1 4 9 17 27 39 53 70 88 107 131 165 184 213 253 278 315 356 395 438 471 536 587 624 672 734 802 861 924 984 1057 1134 1210 1264 1382 1430 1491 1659 1665 1796 1880 1964 2020 2134 2218 2302 2421 2527 2639 2769 2845 2962 3069 3187 3325 3416 3600 3689 3850 3946 4094 4854 4395 4465 4627 4774 4938 5047 5143 5282 5487 5735 5798 6021 6237 6345 6458 6704 6775 7030 7257 7388 7593 7754 8006 8085 8283 8421 8551 8896 9078 9230 9476 9594 9836 9961 10748 10665 10737 10873
1 4 10 17 27 39 55 70 88 110 131 159 187 215 252 282 320 356 401 440 476 526 586 623 683 750 814 857 919 988 1040 1122 1187 1253 1393 1418 1504 1641 1673 1767 1832 1912 2024 2212 2255 2299 2427 2531 2648 2698 2821 2997 3037 3163 3314 3435 3509 3693 3826 3939 3994 4712 4407 4592 4558 4769 4915 4996 5172 5340 5524 5643 5757 6006 6192 6360 6519 6618 6852 6999 7198 7295 7542 7693 7964 8067 8334 8481 8592 8817 9099 9376 9471 9629 9816 10012 10903 10571 10810 10921
1 4 10 17 27 39 54 70 88 109 132 161 183 219 249 282 314 358 396 437 484 529 591 637 679 745 807 868 935 989 1051 1128 1186 1261 1393 1425 1502 1678 1678 1767 1821 1941 2030 2106 2225 2312 2495 2562 2651 2711 2855 2930 3114 3246 3357 3457 3564 3660 3796 3987 4100 4808 4327 4504 4742 4818 4943 5050 5141 5415 5548 5730 5812 5940 6180 6372 6642 6685 6827 7014 7209 7386 7581 7756 7987 8192 8237 8402 8606 8867 9113 9278 9615 9716 9886 10060 10937 10528 10889 10999
1 4 9 17 27 39 53 70 89 109 133 163 185 212 245 278 315 360 394 444 475 530 580 627 679 740 799 860 927 981 1063 1118 1196 1268 1378 1442 1514 1672 1672 1755 1850 1936 2023 2110 2207 2324 2431 2532 2687 2810 2892 2976 3093 3215 3321 3434 3568 3704 3813 3924 4090 4784 4352 4494 4612 4828 4963 5082 5251 5387 5535 5706 5867 6007 6153 6272 6558 6738 6774 7032 7207 7360 7536 7796 7919 8236 8274 8538 8691 8858 9072 9300 9572 9751 9891 10069 10859 10536 10737 11078
1 7 10 17 27 38 53 68 92 108 130 159 187 212 243 279 318 361 392 438 480 525 583 622 686 751 788 851 917 979 1059 1129 1210 1279 1384 1435 1510 1647 1684 1774 1849 1946 2042 2102 2188 2338 2409 2526 2658 2742 2890 3022 3062 3200 3285 3432 3582 3681 3842 3982 4086 4784 4297 4521 4644 4748 4959 5161 5155 5366 5542 5615 5825 6005 6155 6273 6521 6719 6898 6970 7109 7371 7542 7732 7832 8087 8373 8385 8660 8883 9005 9198 9467 9886 9913 10127 10961 10417 10743 11011
1 4 11 17 27 42 58 71 89 115 131 159 184 215 249 277 317 353 392 439 481 535 582 637 690 743 806 862 929 1000 1060 1122 1207 1272 1380 1421 1496 1665 1674 1756 1831 1933 2041 2121 2195 2335 2424 2520 2642 2763 2885 2983 3113 3271 3320 3459 3574 3707 3815 3929 4076 4777 4366 4483 4666 4776 4974 5031 5386 5379 5538 5702 5855 6027 6209 6341 6551 6650 6961 7044 7219 7398 7520 7780 7913 8098 8333 8617 8732 8934 9064 9336 9536 9712 10051 10124 10998 10574 10726 11018
1 4 9 17 28 39 54 71 90 112 133 160 184 218 273 279 333 350 412 454 488 528 579 635 688 741 804 866 917 991 1057 1124 1195 1265 1384 1426 1510 1651 1658 1738 1837 1932 2019 2125 2230 2341 2418 2539 2632 2732 2840 2959 3077 3213 3391 3473 3516 3695 3818 3970 4078 4812 4384 4529 4630 4759 4928 5086 5278 5486 5547 5689 5859 6027 6121 6342 6536 6667 6892 7236 7167 7388 7488 7760 7875 8125 8302 8670 8695 8917 9127 9323 9513 9655 10078 10114 11000 10502 10775 10959
1 4 9 17 27 39 53 70 88 110 132 161 184 212 252 282 319 354 405 463 500 547 597 630 690 764 797 865 924 989 1055 1125 1196 1261 1386 1421 1519 1663 1685 1750 1847 1949 2024 2130 2240 2322 2418 2537 2648 2738 2867 3026 3043 3196 3342 3516 3602 3703 3837 3952 4110 4756 4336 4497 4646 4803 4943 5069 5209 5431 5594 5656 5831 5965 6189 6360 6506 6685 6843 7054 7283 7381 7545 7773 7829 8125 8285 8520 8893 8856 9108 9283 9463 9641 9894 10258 10966 10547 10757 10979
1 4 9 18 27 40 52 70 88 109 133 159 184 211 251 281 315 354 391 434 482 533 584 633 688 743 804 895 953 1004 1073 1130 1199 1268 1382 1405 1511 1668 1658 1749 1837 1936 2017 2136 2214 2338 2423 2542 2657 2724 2854 2949 3082 3219 3327 3425 3596 3801 3811 3986 4113 4763 4382 4510 4618 4762 4924 5073 5249 5359 5617 5779 5838 6030 6170 6241 6540 6652 6874 7050 7259 7443 7584 7738 7862 8100 8326 8479 8787 8871 9141 9272 9471 9542 9781 10240 10854 10445 10699 10798
1 4 9 17 27 39 53 70 89 108 132 163 186 216 247 280 315 358 394 447 480 533 579 622 672 736 806 858 913 993 1053 1122 1198 1290 1390 1467 1505 1643 1677 1775 1825 1952 2031 2133 2219 2326 2426 2499 2630 2725 2851 2915 3049 3150 3324 3446 3548 3685 3870 4024 4088 4705 4316 4503 4578 4759 4871 5083 5248 5370 5491 5685 5925 5933 6109 6313 6428 6557 6860 6951 7191 7366 7627 7733 7888 8147 8355 8416 8655 8890 9077 9255 9476 9584 9940 10114 11079 10419 10674 10996
1 4 10 17 27 39 53 69 89 110 134 160 183 210 244 281 314 353 393 452 491 522 583 636 683 740 800 856 923 985 1062 1121 1185 1270 1392 1398 1514 1670 1698 1805 1865 1915 2013 2133 2224 2331 2416 2584 2633 2742 2969 2958 3063 3158 3294 3417 3545 3678 3848 3944 4137 4851 4353 4488 4640 4753 4926 5062 5237 5388 5566 5695 5848 6159 6172 6366 6478 6640 6901 6977 7186 7347 7627 7800 7910 8112 8297 8481 8668 8929 9320 9326 9504 9698 9872 10145 11006 10621 10769 10939
1 4 9 17 26 39 53 69 89 107 129 156 181 212 240 281 316 354 398 440 484 532 587 627 688 747 804 861 929 994 1045 1118 1208 1248 1375 1419 1507 1655 1683 1754 1849 2005 2088 2149 2221 2316 2405 2528 2631 2716 2836 2973 3079 3150 3275 3425 3582 3697 3823 3969 4098 4825 4429 4482 4619 4722 4920 5077 5143 5395 5473 5698 5875 5967 6292 6322 6540 6552 6801 6958 7077 7289 7563 7780 7854 8107 8320 8495 8563 8906 9004 9366 9379 9613 9846 10081 10875 10615 10593 10915
1 4 9 17 27 38 53 70 89 108 132 165 184 212 248 281 311 352 396 436 478 528 578 635 682 746 805 854 926 988 1059 1131 1176 1281 1385 1417 1498 1630 1657 1767 1834 1938 2026 2118 2292 2361 2409 2502 2617 2737 2949 2967 3097 3180 3282 3396 3525 3708 3788 3942 4077 4688 4366 4574 4574 4735 4868 5002 5232 5355 5522 5660 5783 5978 6170 6466 6514 6643 6878 7015 7175 7376 7518 7657 7985 8025 8322 8411 8633 8891 9043 9308 9588 9648 9752 10033 10797 10460 10881 10942
1 4 9 17 27 39 53 71 89 107 130 159 179 213 250 277 319 355 390 434 475 525 578 622 687 737 789 862 933 991 1050 1131 1175 1264 1391 1442 1510 1662 1681 1726 1838 1939 2003 2118 2233 2309 2437 2610 2719 2708 2840 2935 3049 3164 3285 3403 3577 3712 3836 3895 4040 4768 4356 4488 4609 4863 4835 5070 5214 5338 5526 5583 5836 5926 6088 6356 6589 6592 6868 7031 7158 7410 7523 7680 7932 8187 8280 8420 8587 8848 9099 9317 9638 9609 9814 10065 10932 10502 10748 10940
1 4 10 17 27 39 53 70 88 109 134 158 182 218 249 278 319 356 401 436 480 534 578 629 685 725 803 875 917 985 1058 1120 1176 1273 1393 1415 1505 1643 1678 1741 1844 1956 2041 2142 2236 2329 2419 2539 2631 2827 2930 2970 3082 3219 3289 3441 3564 3667 3805 3919 4075 4704 4322 4501 4592 4728 5072 5079 5219 5402 5472 5630 5811 5947 6112 6344 6528 6787 6863 7039 7162 7347 7590 7770 7817 8151 8354 8464 8649 8836 9121 9308 9487 9843 9828 10137 10914 10518 10747 11015
1 4 10 17 27 39 53 69 89 110 133 159 184 213 248 281 312 360 394 440 480 536 581 626 684 743 796 861 936 985 1052 1130 1213 1250 1384 1421 1494 1637 1664 1727 1851 1949 2023 2135 2214 2303 2442 2543 2632 2752 2876 3073 3158 3198 3275 3451 3609 3717 3815 3956 4074 4760 4310 4522 4564 4774 4961 5187 5203 5376 5519 5648 5876 5985 6081 6358 6513 6675 6907 7003 7226 7299 7549 7718 7959 8121 8442 8521 8735 8906 9112 9250 9399 9876 9931 10025 10885 10584 10771 10951
1 4 9 17 27 39 67 71 86 110 131 179 182 211 253 274 316 357 396 441 491 534 577 633 684 734 804 868 923 978 1049 1157 1194 1278 1386 1417 1507 1638 1673 1741 1842 1922 2034 2126 2222 2323 2417 2503 2633 2721 2863 2966 3112 3234 3356 3398 3543 3711 3804 3925 4099 4749 4295 4529 4589 4812 4937 5065 5371 5382 5523 5666 5840 5980 6156 6356 6483 6556 6824 7145 7109 7375 7454 7796 7864 8067 8339 8599 8599 8788 8989 9153 9412 9599 9984 10027 10820 10505 10755 10943
1 4 10 17 27 39 53 69 88 108 131 159 181 216 250 280 316 391 407 483 525 547 577 653 700 743 799 854 920 980 1053 1129 1200 1277 1376 1421 1501 1650 1673 1755 1855 1949 2027 2137 2191 2327 2427 2550 2631 2813 2846 2926 3100 3165 3290 3504 3551 3715 3767 3895 4071 4718 4314 4479 4593 4748 4886 5054 5207 5499 5575 5710 5831 6008 6252 6270 6540 6704 6825 6988 7275 7362 7577 7735 7884 8094 8281 8492 8790 8880 8959 9186 9535 9691 9791 10099 10833 10491 10682 10823
1 4 10 17 27 39 55 70 88 110 134 159 182 218 249 274 311 356 398 443 491 523 581 640 694 743 799 893 939 1015 1086 1131 1185 1269 1391 1406 1507 1677 1678 1755 1850 1950 2039 2120 2229 2334 2398 2524 2662 2742 2877 2988 3091 3219 3329 3455 3651 3811 3772 3914 4093 4765 4311 4508 4612 4752 4914 5006 5250 5351 5564 5755 5863 6019 6191 6269 6498 6612 6865 6915 7272 7424 7511 7779 7932 8156 8306 8430 8756 8863 9060 9279 9480 9688 9881 10213 10912 10533 10590 10978
1 4 10 17 27 39 56 69 88 109 134 158 187 216 248 275 321 353 396 442 474 529 585 631 690 747 801 870 937 986 1053 1135 1216 1313 1432 1438 1511 1674 1692 1771 1844 1919 2026 2131 2225 2298 2404 2636 2686 2730 2853 2962 3079 3197 3335 3433 3507 3682 3923 4066 4084 4766 4359 4505 4660 4804 4895 5090 5232 5368 5535 5714 5868 5994 6168 6312 6481 6695 6782 7021 7189 7540 7526 7675 7872 8087 8218 8477 8709 8986 9066 9257 9351 9660 9869 10132 11008 10508 10748 10965
1 4 9 17 27 39 53 71 89 108 134 161 182 213 248 280 319 354 391 439 483 529 583 621 692 737 805 858 915 991 1050 1113 1195 1275 1380 1434 1522 1679 1692 1746 1864 1950 2020 2116 2227 2322 2432 2532 2624 2735 2848 2971 3059 3190 3310 3440 3574 3656 3815 3980 4163 4728 4396 4478 4611 4815 4942 5080 5191 5356 5535 5707 5932 6063 6156 6316 6522 6583 6826 6969 7152 7421 7682 7720 7901 8008 8347 8503 8672 8870 9116 9275 9415 9654 9951 10040 11011 10591 10745 11013
1 4 10 17 27 39 54 70 87 107 132 159 187 216 252 275 311 351 392 436 481 527 575 625 681 744 801 849 919 981 1057 1134 1186 1270 1385 1439 1500 1669 1672 1774 1884 1986 2025 2137 2207 2327 2426 2537 2641 2703 2843 2957 3092 3155 3326 3455 3554 3695 3800 3953 4113 4874 4366 4490 4636 4791 4918 5017 5179 5374 5538 5713 5860 6122 6158 6325 6458 6711 6850 7010 7097 7405 7557 7873 7909 8155 8255 8446 8711 8816 9075 9354 9490 9710 9840 10046 10991 10584 10761 10892
1 4 10 17 26 39 53 70 88 111 131 174 186 215 246 283 324 358 388 440 478 520 579 625 688 740 793 858 919 978 1044 1129 1209 1277 1391 1431 1527 1667 1674 1766 1848 1937 2072 2150 2232 2315 2428 2557 2686 2735 2811 2969 3059 3195 3316 3418 3516 3687 3826 3937 4097 4707 4436 4466 4586 4731 4933 5044 5244 5333 5533 5656 5850 6006 6278 6360 6466 6693 6811 6967 7204 7351 7490 7742 7903 8087 8168 8407 8659 8747 8920 9351 9518 9660 9903 10088 10901 10675 10734 11019
1 4 10 17 27 40 54 69 88 109 131 159 186 213 254 280 313 358 399 435 487 533 580 629 688 748 796 872 934 996 1053 1128 1192 1265 1382 1421 1490 1664 1662 1764 1851 1920 2026 2129 2220 2386 2474 2534 2655 2741 2849 2963 3084 3209 3320 3426 3533 3685 3837 3930 4066 4752 4371 4578 4705 4795 4912 5086 5217 5355 5542 5640 5893 6001 6187 6432 6543 6670 6821 7013 7206 7347 7602 7718 8062 8172 8358 8419 8691 8904 9110 9358 9626 9688 9882 10116 10960 10552 10919 10915
1 4 10 17 27 39 55 70 88 109 134 159 184 216 248 276 314 356 391 441 486 533 585 642 685 750 813 861 922 993 1064 1134 1192 1266 1379 1423 1505 1665 1657 1752 1841 1937 2045 2151 2195 2335 2422 2634 2612 2744 2839 2922 3087 3220 3291 3439 3581 3646 3829 3930 4075 4761 4346 4472 4662 4847 4912 5107 5220 5402 5513 5674 5852 6017 6186 6352 6684 6685 6825 7012 7227 7402 7593 7789 7885 8233 8341 8561 8647 8856 9118 9346 9638 9713 9862 10076 10956 10539 10796 10990
1 4 9 17 27 39 54 69 89 109 132 160 184 213 245 280 313 353 390 444 481 533 582 640 685 744 806 870 926 992 1056 1134 1202 1273 1381 1418 1506 1660 1672 1754 1850 1951 2007 2133 2194 2315 2409 2534 2662 2806 2909 3001 3102 3190 3332 3445 3575 3687 3835 3979 4079 4741 4363 4468 4648 4841 5099 5060 5276 5368 5507 5629 5827 6020 6165 6274 6498 6761 6833 7027 7171 7275 7585 7720 7922 8261 8340 8504 8700 8888 9061 9290 9519 9803 9830 10105 10914 10496 10756 11136
1 4 9 17 27 38 55 69 87 107 132 160 181 210 246 278 318 355 400 437 485 531 572 631 687 754 807 870 919 995 1065 1135 1185 1276 1392 1419 1517 1658 1678 1757 1851 1942 2021 2127 2245 2320 2431 2499 2637 2744 2891 3021 3100 3203 3289 3437 3576 3657 3834 3922 4078 4728 4368 4501 4640 4757 4918 5196 5233 5409 5537 5735 5801 6008 6171 6353 6515 6669 6953 7003 7188 7335 7534 7730 7929 8101 8403 8462 8722 8895 9087 9274 9511 9751 9908 10128 10973 10543 10707 11037
1 5 9 22 27 39 62 70 87 109 132 159 183 215 249 270 315 355 397 439 483 527 580 641 685 747 795 861 920 993 1064 1130 1186 1280 1381 1421 1498 1660 1673 1758 1846 1948 2020 2114 2292 2312 2415 2526 2600 2752 2845 2965 3124 3264 3349 3438 3530 3679 3836 3942 4067 4774 4346 4410 4629 4790 4900 5096 5347 5322 5558 5693 5869 5955 6113 6322 6423 6611 6894 7071 7128 7449 7436 7646 7968 8075 8198 8570 8600 8872 9052 9253 9409 9635 9924 9983 10962 10495 10779 11068
1 4 10 17 27 39 53 70 87 110 132 158 183 214 270 293 325 356 401 454 488 536 591 650 693 741 794 855 925 989 1039 1127 1185 1260 1394 1415 1482 1659 1659 1771 1841 1937 1997 2124 2219 2333 2430 2483 2638 2709 2865 2979 3092 3193 3381 3498 3554 3678 3809 3917 4108 4732 4377 4515 4578 4803 4849 5075 5168 5456 5679 5767 5829 6008 6152 6317 6487 6578 6862 7095 7173 7338 7578 7742 7792 8019 8233 8381 8753 8894 9051 9242 9486 9732 9828 10131 10942 10466 10664 10845
1 4 9 17 27 39 55 69 88 107 140 160 187 217 248 282 316 355 396 433 487 528 578 638 692 760 852 885 953 999 1087 1126 1195 1275 1394 1445 1500 1665 1669 1761 1837 1942 2017 2119 2207 2327 2443 2510 2618 2756 2834 2977 3075 3220 3316 3461 3690 3748 3813 3945 4063 4750 4394 4503 4669 4774 4916 5101 5225 5384 5644 5706 5833 6025 6157 6337 6501 6686 6834 7066 7324 7371 7496 7674 7894 8119 8315 8488 8768 8960 9085 9302 9455 9695 9803 10254 10970 10587 10732 10946
1 4 9 17 27 39 53 69 89 110 131 160 185 215 250 278 314 360 389 438 472 527 583 625 687 740 801 854 913 992 1069 1158 1229 1288 1404 1423 1505 1662 1669 1732 1858 1959 2047 2114 2224 2333 2431 2523 2643 2739 2863 2987 3085 3211 3317 3441 3574 3729 3974 3954 4087 4785 4338 4500 4636 4776 4943 5085 5218 5416 5527 5822 5852 6042 6179 6350 6516 6692 6831 7046 7185 7531 7587 7774 7929 8140 8273 8521 8740 8955 9116 9277 9522 9731 9913 10234 11042 10544 10782 11021
1 4 10 17 27 40 54 72 88 108 134 163 184 215 249 282 319 357 403 430 483 533 579 638 685 751 804 860 907 984 1055 1120 1202 1323 1409 1447 1524 1669 1673 1762 1842 1934 2040 2109 2214 2328 2427 2554 2625 2740 2858 2984 3044 3212 3320 3417 3574 3690 3855 4049 4087 4770 4327 4526 4550 4775 4933 5093 5155 5379 5585 5728 5952 6028 6166 6349 6516 6670 6892 6972 7165 7349 7519 7754 7899 7999 8331 8420 8558 8951 9073 9219 9419 9684 9873 10125 11058 10470 10605 11012
1 4 10 17 27 39 53 69 89 110 134 161 184 215 246 279 312 360 398 438 479 522 580 620 698 740 802 869 924 996 1051 1129 1198 1269 1392 1402 1522 1698 1697 1798 1829 2004 2049 2133 2213 2328 2426 2556 2651 2744 2846 2976 3066 3171 3315 3411 3567 3711 3773 3944 4203 4794 4331 4501 4610 4777 4881 5026 5228 5399 5544 5658 5926 6091 6144 6330 6530 6665 6854 7040 7213 7402 7720 7731 7939 8116 8233 8470 8697 8841 9193 9297 9457 9645 9887 10105 10988 10606 10778 11013
1 4 9 17 27 39 54 70 87 107 132 160 188 214 246 278 322 358 398 434 489 532 578 642 691 738 809 870 930 984 1069 1120 1190 1264 1381 1424 1499 1715 1669 1776 1920 2028 2036 2144 2220 2309 2430 2511 2643 2741 2833 2933 3090 3211 3312 3437 3554 3679 3809 3935 4079 4820 4414 4466 4609 4825 4952 5115 5239 5379 5515 5722 5856 6099 6276 6363 6464 6722 6865 6970 7218 7358 7557 7830 7906 8339 8481 8691 8857 9035 9346 9411 9655 9887 10068 10382 11246 10914 10962 11240
1 4 9 18 27 38 54 71 89 109 133 176 178 210 258 291 351 340 401 473 483 525 558 622 659 776 806 842 900 955 1047 1143 1174 1244 1307 1434 1566 1613 1691 1718 1795 1899 1973 2146 2187 2266 2347 2503 2567 2661 2777 2940 3881 5281 4278 3694 3571 3747 3952 3985 4150 4154 4402 4553 4631 4727 4883 4974 5125 5389 5407 5791 5827 5994 6162 6252 6528 6530 6647 6866 7152 7363 7491 7734 7822 7993 8325 8468 8603 8891 9031 9109 9203 9474 9699 10291 10612 10708 10601 10785
1 4 9 25 27 38 54 68 85 108 127 156 177 211 250 270 318 374 406 478 485 553 575 628 667 768 784 851 902 977 1032 1097 1170 1241 1376 1415 1474 1580 1756 1825 1872 1946 2015 2128 2148 2286 2430 2513 2598 2712 2834 2962 3098 3154 3324 3352 3460 3623 3713 3866 4103 4355 4249 4379 4529 4731 4786 4992 5537 5412 5454 5601 5736 6157 6159 6283 6544 6653 6812 6905 7124 7280 7527 7943 7706 7888 8040 8417 8485 8753 9344 9293 9271 9542 9671 9942 10206 10566 10590 10794
1 4 10 17 27 39 53 68 84 106 129 155 186 208 249 269 305 348 385 466 458 512 572 605 671 772 782 854 901 966 1031 1097 1171 1234 1319 1389 1469 1529 1628 1714 1791 1890 1976 2121 2276 2311 2378 2458 2551 2680 2839 2911 2967 3128 3221 3363 3679 3783 3916 4058 4316 4495 4696 4890 4849 5185 5325 5205 5312 5447 5562 5678 5983 6072 6350 6378 6529 6831 6940 7131 7317 7512 7708 8122 8292 8304 8407 8540 8666 9014 9262 9680 9764 9846 10216 10058 10527 10770 10780 11049
2 4 10 17 27 40 55 70 90 109 134 159 188 217 251 284 321 359 401 443 490 536 580 644 689 744 803 864 932 996 1065 1150 1221 1315 1371 1465 1508 1590 1668 1794 1866 1953 2048 2202 2289 2334 2439 2552 2672 2759 2879 2992 3110 3242 3339 3490 3605 3717 3886 3960 4183 4255 4387 4592 4641 4901 5037 5137 5198 5489 5547 5616 5785 6044 6387 6571 6686 6946 7025 7231 7355 7430 7631 7966 8127 8556 8759 8833 9139 9708 9875 9695 10032 10193 10502 10809 10965 11435 11171 11250
1 4 10 18 28 40 53 71 91 111 140 158 188 229 256 286 328 373 402 485 497 550 597 665 716 847 829 854 971 1026 1064 1175 1259 1324 1416 1488 1546 1641 1812 1842 2227 2166 2289 2249 2443 2453 2497 2903 2712 2830 3102 3093 3406 3332 3422 3549 3661 3794 3933 4045 4248 4325 4483 4615 4740 4921 5086 5201 5436 5804 5670 5824 6091 6196 6423 6624 6737 6936 7433 7501 7531 7730 7896 8026 8198 8329 8544 8705 8978 9200 9396 9545 9755 9896 10275 10480 10739 10847 11366 11766
1 4 9 23 28 40 54 98 97 113 138 168 194 225 252 310 347 367 407 448 498 547 599 645 703 765 821 884 957 1035 1126 1159 1222 1310 1387 1464 1536 1642 1710 1819 1895 1979 2090 2198 2314 2428 2517 2612 2714 2839 2949 3085 3181 3352 3412 3544 3678 3784 3947 4055 4203 4350 4441 5700 4804 4931 5063 5265 5396 5578 5698 5844 6000 6197 6377 6545 6675 6876 7166 7195 7396 7596 7813 8033 8167 8303 8639 9368 8988 9194 9388 9493 9810 10102 10248 10412 10671 10857 11072 11524
