0 0 0 1 1 1 1 1 2 2 2 4 3 3 3 3 4 4 4 4 5 5 6 7 6 6 10 8 7 8 8 9 8 9 8 11 10 10 9 13 10 14 14 11 11 12 12 12 12 14 13 13 14 14 14 14 17 15 15 15 15 17 19 18 17 19 23 20 18 21 21 19 20 21 22 22 22 22 22 22 24 27 30 22 25 30 33 27 24 25 24 26 28 29 26 27 27 30 27 27
0 0 0 1 1 1 1 1 2 2 3 3 3 3 3 3 4 5 4 5 5 6 5 6 6 9 7 7 9 7 7 7 8 8 10 9 9 10 10 10 12 11 11 12 12 11 14 14 12 14 14 19 15 16 16 15 17 18 18 19 18 20 22 22 22 20 22 26 23 22 23 21 26 19 25 23 22 22 29 29 23 23 23 23 22 23 28 26 25 25 25 24 31 28 28 32 29 29 28 28
0 0 0 1 1 1 1 1 2 3 2 2 3 3 3 5 4 5 6 5 5 6 5 5 6 6 7 8 7 7 7 7 8 8 9 10 9 14 11 13 11 11 11 13 13 13 13 13 16 16 15 14 15 15 16 21 15 20 17 21 16 17 17 17 21 19 18 18 18 19 22 21 20 20 21 22 22 22 21 21 22 25 25 25 23 24 32 26 27 26 25 29 26 28 26 37 27 32 34 30
0 0 0 1 1 1 1 2 2 2 2 4 3 3 3 3 5 4 5 4 5 5 6 6 6 6 6 7 9 9 9 9 8 9 8 12 11 10 11 10 11 12 11 11 12 12 13 16 20 14 15 16 15 14 15 16 17 20 16 17 19 19 19 19 17 29 24 20 18 19 19 19 19 21 20 20 25 26 25 30 22 25 25 25 24 24 24 26 47 24 25 25 31 26 26 26 26 30 26 26
0 0 0 1 1 1 1 1 2 2 2 2 3 3 3 4 4 4 4 4 5 5 5 6 6 6 6 6 7 8 7 7 8 8 8 9 9 11 10 10 11 11 12 13 11 12 13 21 13 15 15 16 15 15 15 16 14 16 15 16 17 18 26 17 20 24 19 23 25 18 25 26 20 21 22 23 29 28 26 27 25 26 35 28 26 31 30 24 33 29 29 26 26 28 27 27 26 28 26 27
0 0 0 1 1 1 1 2 2 2 2 2 3 3 3 5 4 5 4 6 5 5 6 5 6 6 7 6 7 8 7 9 8 8 10 9 9 9 11 10 11 11 12 11 12 11 12 14 13 14 14 14 14 14 15 16 14 15 15 18 17 17 17 16 17 18 18 24 18 18 20 20 22 21 22 21 21 22 21 22 23 22 23 23 22 24 27 24 23 26 25 25 27 26 26 27 26 27 26 28
0 0 0 1 1 1 1 2 2 2 2 3 5 3 3 4 4 4 5 4 5 5 6 5 6 6 6 6 7 7 8 7 8 8 8 9 9 9 10 10 10 11 11 12 12 12 12 12 12 13 13 13 13 14 14 15 15 15 16 16 16 16 16 17 16 18 17 18 18 19 18 20 23 19 20 21 21 20 21 22 22 22 23 24 22 24 24 23 24 25 24 24 26 30 26 28 28 27 27 31
0 0 0 1 1 1 2 2 2 2 2 2 3 3 3 4 4 4 4 5 5 5 5 5 6 6 6 6 7 7 7 8 8 8 8 9 9 9 10 10 10 11 11 11 13 12 12 12 12 13 14 14 14 14 15 15 14 15 15 16 17 16 16 17 16 17 17 18 18 18 19 21 20 19 20 21 22 22 22 21 21 22 23 23 23 23 30 24 24 25 25 24 27 27 26 26 27 27 29 28
0 0 0 1 1 1 1 1 2 2 2 2 3 3 3 4 4 4 4 4 5 5 6 5 6 6 7 6 7 7 8 7 8 9 8 9 9 10 10 11 11 10 13 11 11 12 12 12 13 13 15 16 13 14 14 17 15 15 15 15 17 16 16 17 17 17 17 17 19 19 19 21 20 20 20 21 21 21 22 22 22 22 22 22 23 23 23 24 25 26 25 24 26 28 27 27 26 27 27 28
0 0 0 2 1 1 1 1 2 2 2 2 3 3 3 3 4 4 4 5 5 5 5 6 6 6 6 6 7 7 7 7 8 9 8 8 9 10 9 10 10 12 11 11 12 11 12 12 13 14 13 14 14 14 14 15 14 15 15 16 16 16 16 17 16 18 19 18 18 19 23 20 20 19 21 21 20 21 22 22 22 23 22 23 23 24 23 24 25 24 25 25 26 26 27 26 28 26 30 28
0 0 0 1 1 1 1 1 2 2 2 2 3 3 3 4 4 4 4 5 5 5 5 7 6 6 7 7 7 7 7 7 8 8 9 8 10 9 10 9 10 11 11 12 12 11 12 12 14 14 13 13 14 14 15 14 15 16 15 18 15 19 16 17 16 17 17 18 18 18 19 20 20 19 24 21 21 20 21 22 22 22 22 22 23 24 24 26 24 24 24 25 26 26 26 27 27 27 26 27
0 0 0 1 1 1 2 1 2 2 2 2 3 3 3 4 4 4 4 5 5 5 5 5 6 7 6 6 7 7 8 9 9 8 8 9 9 13 10 11 10 10 12 12 11 11 14 13 14 24 20 13 15 14 14 14 20 21 15 15 17 16 16 16 17 17 18 18 20 18 19 19 19 20 21 21 21 21 22 22 21 23 22 22 23 23 24 24 25 24 25 24 26 26 29 27 25 26 26 26
0 0 0 1 1 1 1 1 2 2 2 3 3 3 3 3 4 4 4 4 5 5 5 5 6 6 6 6 7 7 7 7 8 9 8 8 9 9 10 9 11 11 11 11 12 11 12 12 12 14 13 13 13 14 14 14 14 15 17 16 16 16 21 16 17 17 17 18 17 18 19 18 20 19 20 21 21 21 21 21 21 22 30 23 23 24 25 23 24 24 25 24 26 26 26 26 26 26 28 27
0 0 0 1 1 1 1 1 2 2 2 2 3 3 3 3 4 4 4 4 5 5 5 5 6 6 6 6 7 7 7 7 8 8 9 8 9 9 10 9 10 11 11 11 12 11 12 12 12 13 13 14 14 14 14 14 15 15 15 15 16 16 17 16 17 17 16 18 18 18 19 19 19 19 20 22 20 20 25 21 21 21 24 22 22 23 23 23 26 24 24 24 25 26 25 25 26 26 27 27
0 0 0 1 1 1 1 1 2 2 2 2 3 3 3 3 4 4 4 4 5 5 5 5 6 6 6 6 7 7 7 7 8 8 8 9 9 9 10 9 11 10 11 12 12 13 12 12 12 13 12 13 14 14 14 14 14 17 15 15 15 16 16 17 16 17 17 18 24 18 20 19 20 19 20 21 20 20 20 21 21 22 21 22 23 23 23 23 24 24 24 24 25 26 26 26 26 27 26 27
0 0 0 1 1 1 1 1 2 2 2 2 3 3 4 3 4 4 4 4 5 5 5 5 6 6 6 7 6 7 7 7 8 8 9 8 9 9 10 9 10 10 10 11 12 12 12 14 13 15 13 13 13 18 14 15 14 16 15 15 16 16 17 17 17 17 17 17 19 18 19 18 19 19 21 21 20 22 22 22 22 22 22 24 21 23 24 23 24 24 25 24 25 25 26 28 26 31 27 28
0 0 0 1 1 1 1 1 2 2 2 2 3 3 3 3 4 4 4 5 5 5 5 6 6 6 6 6 7 7 8 8 8 8 8 9 9 9 10 10 11 10 11 11 12 12 11 12 12 14 13 15 14 15 14 15 14 15 16 16 16 16 16 16 17 17 20 18 18 19 19 21 19 19 20 21 21 21 21 21 21 22 22 23 24 24 24 24 24 24 27 26 30 37 27 26 27 27 28 27
0 0 0 1 1 1 1 1 2 3 2 3 3 3 3 3 4 4 5 4 5 5 5 5 6 6 6 6 7 7 8 8 8 8 8 9 9 10 9 10 10 11 11 11 12 12 12 12 13 14 13 15 14 14 15 14 14 16 15 16 15 16 16 17 17 17 17 18 18 18 19 19 19 20 20 23 22 21 21 22 20 22 23 23 22 24 24 23 28 24 24 25 26 26 26 26 26 27 28 27
0 0 0 1 1 1 1 1 2 2 2 2 3 3 3 3 4 4 6 4 5 5 5 6 6 6 6 6 7 7 7 8 8 8 9 9 9 9 10 10 10 11 11 11 11 11 14 13 12 13 12 14 13 14 14 14 15 15 15 16 16 16 17 17 17 18 17 18 17 18 19 19 19 19 20 20 21 20 26 21 20 23 22 25 22 24 23 24 24 24 24 27 26 26 26 27 28 27 27 28
0 0 0 1 1 1 1 2 2 2 2 2 3 3 3 3 4 5 5 5 5 5 5 5 6 6 6 6 7 7 8 7 8 8 9 8 10 10 11 10 10 12 10 11 11 12 12 12 12 13 13 13 13 14 14 15 15 14 15 16 15 16 16 17 17 17 17 18 19 18 20 20 19 20 21 26 20 21 21 21 22 23 22 23 23 24 24 23 25 24 24 24 25 26 26 26 26 26 26 28
0 0 0 1 1 1 2 1 2 2 2 3 3 3 4 3 4 4 4 5 5 5 5 5 6 6 7 7 7 7 7 8 8 8 8 8 9 9 10 9 10 10 11 11 11 12 12 12 13 14 13 13 14 13 14 14 14 16 15 16 17 16 21 16 17 17 18 17 22 18 18 20 19 20 19 20 21 24 28 27 23 22 22 23 23 24 24 23 23 23 24 25 24 26 27 26 26 27 27 27
0 0 0 1 1 1 1 1 2 2 2 2 3 3 3 3 4 4 4 5 5 5 5 6 6 6 6 6 7 7 7 8 8 8 9 9 9 9 10 9 10 10 10 11 11 12 12 12 12 14 13 13 15 16 14 14 14 15 15 15 18 16 16 17 16 17 17 18 18 18 18 19 19 20 20 20 19 21 26 21 22 23 22 22 23 23 23 23 24 24 24 25 27 27 26 25 26 27 28 28
0 0 0 1 1 1 2 2 2 2 2 2 3 3 3 3 4 4 4 4 5 5 5 5 6 6 6 6 7 7 7 8 8 9 10 8 10 9 10 10 10 12 11 11 12 12 12 13 14 15 13 13 14 13 15 14 15 15 15 18 18 17 16 17 20 18 18 17 18 18 20 19 20 21 20 22 21 23 21 21 22 22 23 23 23 23 25 24 24 28 24 26 27 26 26 28 26 27 32 28
0 0 0 1 1 1 1 2 2 2 2 2 3 3 3 4 4 4 4 5 5 5 5 5 6 6 6 6 7 7 7 8 8 8 9 10 9 9 9 9 10 11 10 12 11 11 13 12 13 14 14 14 14 15 14 14 14 15 15 15 16 16 17 17 16 17 17 18 17 18 18 19 19 19 20 20 20 20 21 21 21 22 22 23 22 24 24 24 24 24 25 25 26 26 26 26 27 27 27 26
0 0 0 1 1 1 1 1 2 2 2 2 3 3 3 3 4 4 5 4 5 5 5 5 6 6 6 6 7 7 7 7 8 8 9 8 9 9 10 10 10 10 10 11 12 13 12 12 14 14 13 13 13 14 14 14 15 15 16 15 15 17 17 20 17 17 17 18 18 17 19 19 19 20 20 22 20 21 22 22 20 22 22 23 23 23 23 24 24 25 25 24 26 25 27 26 25 27 26 27
0 0 0 1 1 1 1 2 2 2 2 2 3 3 3 3 4 4 4 4 4 5 5 5 6 6 6 6 7 7 7 7 8 8 8 9 10 9 10 10 10 12 11 11 11 12 12 13 12 13 13 13 13 14 14 16 14 16 15 15 16 20 17 16 16 17 17 18 18 18 19 19 18 20 19 21 20 20 21 21 21 22 24 24 22 23 25 23 24 24 24 25 25 26 27 26 25 27 27 26
0 0 0 1 1 1 1 1 2 2 2 2 3 3 3 3 4 4 4 5 5 5 5 5 6 6 6 7 7 7 7 7 8 8 9 9 9 9 10 9 10 11 11 11 11 12 12 13 13 14 14 13 14 14 14 14 15 15 16 16 18 16 16 16 16 19 17 18 18 18 19 19 20 19 19 21 20 21 21 21 22 23 21 23 24 23 24 23 24 25 25 25 24 26 27 26 26 27 28 29
0 0 0 3 1 1 1 2 2 2 2 4 3 3 3 3 4 4 4 4 5 6 5 5 6 6 6 7 7 7 7 8 8 8 8 9 9 12 9 10 10 10 11 11 11 12 12 12 12 14 13 13 14 15 14 14 15 15 15 15 16 19 16 17 17 18 18 18 18 18 19 18 20 20 19 21 20 22 22 21 21 22 24 23 23 23 24 23 27 24 24 25 25 26 27 26 27 28 28 29
0 0 0 1 1 1 1 1 2 2 2 2 3 3 3 3 4 4 5 4 5 5 5 5 6 6 6 7 7 7 7 7 9 8 8 9 9 10 9 10 10 10 11 11 11 11 13 12 13 13 13 15 14 14 14 14 15 16 15 16 15 16 16 17 17 19 17 19 18 19 19 19 19 19 20 21 20 22 22 21 22 22 23 23 22 25 24 24 24 24 25 25 25 29 39 26 28 36 26 31
0 0 0 1 1 1 1 1 2 2 2 3 3 3 3 4 5 4 4 5 5 5 5 5 7 7 7 6 7 7 8 7 8 11 8 10 9 10 9 10 10 10 11 13 11 12 12 12 12 14 15 17 14 14 14 15 17 15 15 17 17 16 16 18 19 19 17 18 19 18 19 19 19 20 20 24 21 20 26 22 22 21 22 23 22 23 22 24 25 24 24 25 26 31 26 25 27 32 30 36
0 0 0 1 1 2 2 2 2 2 2 3 3 3 4 4 4 4 4 5 5 5 6 6 6 7 8 8 8 9 8 8 9 9 9 9 10 11 11 13 13 12 13 11 13 13 13 13 13 14 14 14 15 14 15 16 15 19 17 16 18 17 19 20 18 20 18 19 20 21 20 20 23 20 21 22 23 23 22 27 24 24 24 25 24 25 26 34 26 26 26 27 28 28 28 28 28 30 29 30
0 0 0 2 1 1 2 2 2 2 3 3 3 4 3 4 4 4 4 5 5 6 6 6 6 7 7 8 7 8 9 8 8 9 9 9 10 10 10 10 10 11 12 12 12 13 13 13 15 14 14 14 14 20 17 16 17 16 16 17 17 18 19 18 19 21 19 18 19 19 21 21 21 22 25 22 24 22 23 23 25 24 28 25 27 24 26 29 27 26 27 27 28 30 29 29 28 30 29 32
0 0 0 1 1 1 1 2 2 2 3 3 3 3 4 4 4 4 5 5 6 5 6 6 6 6 8 7 8 7 8 8 8 8 10 10 12 11 11 10 10 11 12 12 12 14 13 13 14 14 14 15 14 16 15 16 16 17 17 18 17 17 17 17 18 20 23 19 20 19 21 20 20 23 23 23 23 22 26 23 24 24 25 25 24 24 27 26 26 26 26 26 28 26 29 28 31 30 29 29
0 0 0 2 1 1 2 2 2 2 2 3 3 3 3 4 4 4 4 5 5 5 6 6 6 7 7 7 7 8 8 8 9 9 9 10 10 11 10 11 11 12 11 12 12 13 13 14 16 15 15 15 15 14 15 21 16 17 17 17 17 23 17 18 18 19 23 19 21 20 22 21 22 21 21 24 23 22 24 24 22 25 24 25 26 25 25 25 26 26 26 26 29 27 34 27 29 29 29 31
0 0 0 2 1 1 1 2 2 2 2 3 3 3 4 4 4 4 5 5 5 6 6 6 6 6 7 7 7 8 8 8 9 9 10 9 9 10 10 10 12 11 11 12 13 14 14 14 14 14 14 16 15 14 15 16 15 17 17 16 18 19 19 20 18 19 21 19 20 20 22 22 25 22 21 22 23 25 23 23 26 27 24 31 30 24 25 25 28 27 31 27 28 28 27 28 28 29 29 29
0 0 0 1 1 1 2 5 2 2 2 3 3 3 3 3 4 4 4 5 5 5 5 6 6 6 7 7 7 8 11 8 8 8 9 10 9 9 9 10 10 11 11 11 11 12 12 13 12 13 12 13 15 16 14 18 15 15 15 16 19 16 16 19 17 18 18 19 18 18 19 19 19 20 20 21 21 21 22 23 21 23 22 24 22 24 24 24 25 25 25 24 26 25 27 27 26 28 27 27
0 0 0 2 1 1 1 1 2 2 2 2 3 3 3 4 4 4 4 5 6 5 5 6 6 6 6 6 7 7 7 7 8 8 9 10 10 9 10 10 10 12 11 11 12 14 12 13 12 17 13 13 13 14 14 14 15 15 15 16 16 16 16 17 17 19 18 17 18 19 18 19 21 19 21 22 21 22 23 25 22 23 24 24 23 25 25 25 25 26 24 26 26 25 28 28 27 28 28 32
0 0 0 1 1 1 1 1 2 2 2 2 3 3 3 3 4 4 5 5 5 6 6 6 6 6 6 7 7 7 8 10 8 9 9 10 9 10 11 12 10 11 22 11 13 32 16 15 13 13 13 14 14 14 14 16 19 18 15 16 19 16 16 16 21 19 19 20 19 20 21 20 19 20 21 21 22 25 38 23 29 25 23 31 25 32 27 29 29 26 32 31 38 34 35 32 29 33 31 34
0 0 1 4 1 1 2 2 2 2 2 2 4 3 3 4 5 4 6 5 5 7 7 6 8 7 6 6 8 7 8 9 10 9 11 9 10 11 11 18 11 13 16 14 14 13 12 13 13 16 15 16 16 14 17 15 17 19 18 16 17 18 17 21 18 18 19 19 22 21 21 21 21 22 22 23 22 23 22 22 29 24 26 27 35 29 26 28 32 32 36 30 29 30 32 34 34 45 35 41
0 0 0 2 2 1 1 2 2 4 2 3 5 3 4 4 5 5 6 5 6 5 7 8 7 7 8 8 8 7 8 8 8 9 11 11 10 10 12 15 13 15 18 15 16 23 15 21 15 17 14 17 20 14 17 16 15 16 16 21 24 19 20 17 21 18 22 20 23 23 24 23 23 20 22 22 23 22 23 22 23 25 24 29 24 33 29 24 24 25 25 30 30 29 26 28 29 33 27 34
0 0 0 2 1 1 1 1 2 2 2 3 3 3 3 3 4 4 5 4 13 5 8 7 6 13 15 7 8 8 8 8 8 9 9 11 12 9 10 11 15 11 12 15 15 13 15 13 15 16 16 15 19 17 18 17 21 19 15 18 19 16 18 19 26 27 28 26 19 22 30 22 39 21 26 21 25 26 23 27 29 27 28 25 26 27 26 27 28 25 32 27 27 34 27 26 29 30 31 28
0 0 0 1 1 1 1 2 2 2 3 3 5 3 4 3 6 4 4 5 5 5 5 6 6 6 6 6 7 7 8 8 9 10 9 9 9 10 10 10 16 10 12 12 11 13 14 17 14 15 14 15 14 16 15 15 15 16 17 16 19 18 21 18 17 20 21 22 19 21 22 25 22 21 23 25 24 24 32 25 27 24 25 28 32 29 28 25 29 30 35 32 32 34 33 30 34 29 32 30
0 0 0 1 1 1 1 2 2 4 2 2 3 5 3 5 4 6 7 6 6 6 7 6 7 7 7 8 8 8 9 10 9 11 9 11 11 14 14 12 12 14 11 14 15 15 15 17 18 19 20 20 20 19 20 24 17 20 18 15 21 22 17 27 21 21 20 21 20 24 21 27 27 23 24 25 25 30 26 28 24 26 27 26 27 31 26 31 26 30 27 27 27 28 28 28 31 30 39 40
0 0 0 2 1 1 1 2 2 3 3 3 3 3 4 4 6 5 5 5 10 6 9 7 10 7 9 8 10 10 10 10 10 10 10 14 11 11 10 11 15 11 11 14 13 14 15 13 13 14 13 16 16 17 24 16 16 16 19 18 20 19 26 17 24 19 22 19 19 19 21 27 25 22 27 26 21 25 32 24 27 27 24 23 25 31 24 27 27 32 32 28 28 28 35 35 29 30 30 30
0 0 0 1 1 1 1 2 2 3 3 2 3 3 3 3 4 5 4 5 7 5 6 5 7 6 7 7 7 7 7 8 9 9 8 11 10 12 13 11 11 12 12 12 13 15 13 12 13 19 14 15 15 17 16 15 16 15 17 15 17 18 18 17 20 22 18 22 21 20 23 27 26 22 20 24 24 24 24 23 21 34 27 30 30 28 26 28 30 28 31 30 39 36 40 28 35 31 35 32
0 0 0 2 1 2 1 1 2 2 2 3 3 3 4 4 5 4 5 5 6 5 5 6 6 6 6 7 7 8 9 7 8 9 8 9 9 10 12 10 14 10 11 16 11 11 12 15 13 14 13 14 14 20 14 20 18 22 20 28 19 16 20 22 21 19 20 20 26 23 24 26 22 23 27 25 25 28 33 30 29 31 27 30 34 30 31 27 26 27 27 27 27 29 34 29 44 33 38 48
0 1 0 12 11 1 2 2 3 2 3 3 3 4 4 4 6 6 5 6 6 6 9 10 12 11 7 10 9 8 14 14 11 14 15 16 13 15 15 15 13 15 16 19 16 22 17 23 18 22 21 14 19 21 24 16 17 16 17 21 18 18 23 20 21 18 23 22 22 19 22 26 25 30 24 26 22 37 25 22 24 34 24 26 26 25 34 35 29 30 32 27 26 35 26 36 27 27 34 53
0 0 1 3 2 2 3 2 3 3 4 3 4 3 4 5 6 4 4 5 5 5 6 5 6 6 6 7 7 7 7 8 8 8 9 9 10 9 10 10 12 11 13 11 17 12 12 14 13 14 13 14 13 26 14 15 15 15 18 15 25 17 16 30 20 22 18 23 18 22 20 20 21 23 24 23 24 21 25 21 22 23 24 22 28 26 25 31 25 27 36 32 35 31 37 28 27 30 29 28
0 0 0 1 1 1 1 1 2 2 2 2 3 3 4 3 4 4 4 6 5 6 5 5 6 6 7 7 7 7 8 7 9 9 9 9 9 9 11 10 11 12 13 13 12 13 14 15 13 14 15 17 14 15 16 16 15 16 16 18 16 18 17 18 17 21 18 18 20 21 20 21 23 20 30 23 22 24 24 22 21 25 26 23 23 25 25 30 27 34 25 31 27 30 36 27 52 30 29 31
0 0 0 1 3 1 1 1 2 2 2 2 3 3 3 4 4 4 4 4 5 5 5 6 6 6 6 6 7 7 8 7 8 8 8 9 9 10 11 11 10 13 11 15 12 12 14 18 13 15 14 13 14 16 15 16 14 16 17 16 16 18 16 16 22 19 18 19 36 21 19 19 20 20 21 22 26 22 28 24 22 27 22 24 23 28 30 25 31 42 32 26 30 27 27 31 31 28 28 30
0 0 0 2 1 1 1 2 2 2 2 2 4 3 3 4 5 4 5 5 7 5 6 5 6 6 6 8 7 7 7 9 8 9 8 9 10 9 10 14 12 11 12 11 14 12 18 15 12 17 14 15 22 15 15 19 15 15 27 16 21 24 17 19 19 20 20 20 19 22 23 27 28 22 22 23 34 30 24 34 26 31 26 34 28 26 35 27 28 26 29 27 28 29 28 36 31 33 34 32
0 0 1 3 1 1 2 2 2 2 2 3 5 3 3 4 5 4 5 11 7 5 6 5 6 7 7 7 9 9 8 9 11 10 11 10 9 12 10 12 12 12 15 13 13 13 13 13 14 14 13 17 14 21 15 16 17 19 17 19 19 18 17 19 28 20 22 21 22 22 22 23 21 24 26 24 24 28 23 22 50 24 38 30 27 27 30 24 31 38 33 28 28 30 33 31 32 30 45 41
0 0 0 2 1 1 1 2 2 2 2 2 3 4 4 5 6 5 6 5 5 6 7 6 7 10 11 8 10 10 11 8 10 13 10 9 9 12 11 13 12 15 11 13 14 15 13 13 15 14 16 16 17 15 17 22 18 16 25 22 17 20 21 21 25 29 21 20 21 29 22 25 19 21 32 24 21 23 23 23 23 23 23 24 27 30 28 28 38 27 28 27 29 30 44 37 40 30 30 32
0 0 0 1 1 1 1 1 2 2 2 2 5 3 4 4 4 4 5 5 6 6 6 6 7 6 7 7 8 8 7 9 8 9 9 9 9 12 10 10 11 13 12 14 15 15 16 20 16 15 15 21 17 15 16 15 15 17 15 18 20 22 20 24 17 24 22 18 22 20 26 24 23 26 21 21 24 22 25 21 25 26 23 33 34 34 32 24 28 27 25 27 31 27 37 29 28 32 31 36
0 0 1 2 1 1 1 2 2 2 2 2 3 3 3 3 4 4 5 5 6 6 6 6 6 7 6 7 7 10 8 8 9 9 10 11 10 10 10 10 11 12 14 17 14 15 16 13 13 14 14 15 14 14 14 20 15 19 17 18 16 21 16 17 17 19 20 20 18 20 23 20 20 22 21 27 23 23 21 25 22 25 32 29 26 25 28 31 27 26 32 30 35 30 27 36 30 27 31 27
0 0 0 1 1 1 1 1 2 2 2 3 3 3 3 3 4 4 4 4 5 5 5 5 6 6 6 7 7 7 7 8 8 8 8 9 9 10 9 11 11 11 10 11 14 12 12 13 12 14 13 13 14 15 14 15 15 18 15 15 16 17 21 17 17 18 18 18 19 21 20 20 20 20 20 21 21 23 23 23 23 24 22 24 24 24 24 24 28 25 27 25 26 26 27 26 25 27 27 28
0 0 0 1 1 1 1 2 2 2 2 2 3 3 3 4 4 4 4 4 5 5 6 5 6 6 7 7 7 7 8 7 8 8 9 9 9 10 10 10 10 10 11 11 12 12 12 13 13 14 13 13 14 14 16 15 15 15 16 15 16 16 17 17 18 18 18 18 18 19 19 25 20 22 21 21 24 21 22 22 22 22 23 24 24 23 24 25 25 25 27 25 27 27 26 28 27 27 28 28
0 0 0 1 1 1 1 1 2 2 2 3 3 3 3 3 4 4 4 4 5 5 6 5 6 6 6 6 7 7 8 9 8 11 9 8 10 9 11 10 11 10 11 11 12 13 13 13 13 13 13 14 13 14 14 15 15 15 15 15 16 17 16 17 19 22 19 18 19 19 25 20 20 20 20 21 21 22 22 23 21 22 22 24 24 25 24 26 25 24 26 25 26 27 26 32 28 27 27 28
0 0 0 1 1 1 2 1 2 2 2 3 3 3 3 3 4 4 4 5 5 5 6 5 6 9 7 6 7 7 8 7 8 8 9 11 9 12 10 11 10 10 11 12 11 11 12 12 13 14 13 14 13 14 15 14 20 15 16 16 16 16 16 17 17 20 18 18 19 18 19 19 19 20 21 21 22 23 21 22 21 23 22 26 23 24 24 28 24 25 25 25 26 26 26 26 26 27 28 27
0 0 0 2 1 1 1 1 2 2 2 3 3 3 3 3 4 4 4 5 5 5 6 5 6 7 7 7 7 7 7 7 8 8 10 8 9 10 10 11 13 10 11 11 11 12 12 12 13 13 13 13 14 14 14 14 14 16 16 15 15 16 16 17 17 17 18 18 20 21 19 19 20 21 20 24 21 22 22 21 23 22 22 22 22 23 27 26 25 39 24 26 25 26 26 27 26 28 28 27
0 0 0 1 1 1 2 1 2 2 2 3 3 3 3 4 4 4 5 5 5 5 5 5 6 6 6 7 7 7 7 7 8 8 8 8 9 9 10 10 11 11 11 11 12 12 12 12 12 13 13 13 14 16 13 14 15 15 15 15 17 16 16 16 18 18 17 17 19 18 19 20 19 20 20 22 21 21 23 23 21 23 22 21 23 23 28 24 25 26 25 25 25 26 28 26 25 27 28 27
0 0 0 1 1 1 1 2 2 2 2 2 3 3 3 3 4 4 4 4 5 5 5 5 6 6 6 6 7 7 7 8 8 8 9 8 9 9 10 10 10 10 10 12 12 13 12 13 12 13 13 14 17 14 15 16 14 14 15 16 16 17 17 16 16 18 17 17 18 18 19 20 19 20 21 21 20 23 22 22 23 22 23 23 22 23 24 24 24 25 25 24 25 26 26 26 26 26 27 27
0 0 0 1 1 1 1 2 2 2 2 3 3 3 3 3 4 4 4 4 5 5 5 5 6 6 6 6 7 7 8 8 8 9 8 8 9 9 10 10 11 10 11 12 12 12 12 13 12 14 13 13 13 14 15 15 14 15 15 15 16 17 17 16 17 18 17 24 18 19 18 20 19 20 20 21 21 21 21 21 22 23 23 23 23 24 30 25 24 23 25 25 25 26 26 26 26 27 27 33
0 0 1 1 1 1 2 1 2 2 2 2 3 3 3 4 4 4 4 4 5 5 5 5 6 6 6 6 7 7 7 8 8 8 8 8 10 9 10 10 10 11 11 12 12 12 12 15 12 13 13 13 17 15 14 15 15 14 15 16 16 17 17 16 16 18 20 18 18 19 19 19 19 20 20 22 20 21 24 22 22 23 23 23 23 24 26 23 24 24 24 25 25 26 26 26 26 27 26 28
0 0 0 1 1 1 1 2 2 2 2 3 3 3 3 3 4 4 4 4 5 5 5 5 6 6 6 6 7 7 7 8 8 8 8 8 9 9 9 11 10 10 11 11 11 11 12 12 14 15 14 13 18 16 14 14 14 15 14 16 16 16 16 16 17 18 22 17 17 18 19 20 19 19 20 21 21 21 21 21 21 25 22 23 22 23 24 24 24 24 24 25 26 30 26 26 26 27 26 27
0 0 0 2 1 1 1 1 2 2 2 2 3 3 3 3 4 4 4 5 5 6 5 5 6 6 7 6 7 7 7 7 8 8 8 9 9 9 9 10 10 10 10 12 11 11 12 12 12 13 13 13 14 15 14 16 14 15 15 15 16 16 16 17 17 20 18 18 19 22 19 19 19 20 23 21 20 20 21 21 22 22 23 22 24 23 24 23 25 24 24 24 25 26 26 25 26 27 26 27
0 0 0 1 1 1 1 1 2 2 2 2 3 3 3 3 4 4 4 4 5 5 5 5 6 6 6 6 7 7 7 7 8 8 8 9 9 9 9 10 10 10 10 11 11 11 12 13 12 14 12 14 13 14 14 15 14 17 15 15 15 16 16 17 17 17 17 18 18 18 19 19 19 20 22 20 21 21 22 21 22 24 22 23 22 24 24 23 28 25 25 24 25 26 26 26 25 27 27 27
0 0 0 2 1 1 1 2 2 2 2 2 3 3 3 3 4 4 4 4 5 5 5 5 6 6 6 6 7 7 7 7 8 8 8 9 9 9 9 10 10 10 11 11 11 11 12 12 12 13 13 13 13 14 14 15 15 14 15 16 16 15 16 17 16 20 18 18 18 19 18 21 19 20 20 20 20 22 21 22 21 22 22 22 22 23 23 23 25 24 26 25 29 26 26 27 26 27 27 26
0 0 0 1 1 1 1 1 2 2 2 2 3 3 3 3 4 4 4 4 5 5 5 5 6 6 6 6 7 7 7 7 8 8 8 9 9 9 9 10 10 10 10 11 11 11 12 12 12 13 13 13 13 14 14 14 15 15 15 15 18 16 16 16 17 18 18 17 18 18 19 19 19 19 20 21 20 22 22 21 21 23 23 22 22 23 23 24 24 24 25 25 25 26 26 26 26 27 30 27
0 0 0 1 1 1 1 1 2 2 2 2 3 3 3 3 4 4 4 5 5 5 5 5 6 6 6 6 7 7 7 7 8 9 8 8 9 9 10 9 10 13 10 14 12 11 12 12 12 14 13 13 14 14 14 14 14 15 15 16 15 16 16 16 17 18 18 22 18 22 18 21 19 21 19 21 20 21 21 21 21 22 21 22 21 23 24 24 24 24 24 24 26 26 25 26 26 27 26 26
0 0 0 2 1 1 1 1 2 2 2 2 3 3 3 3 4 4 4 4 5 5 5 5 6 6 6 6 7 7 7 7 8 8 8 9 9 9 9 10 10 10 12 11 11 13 12 12 13 13 13 13 13 14 14 14 14 15 15 16 16 16 16 19 17 18 17 17 18 18 19 19 19 20 21 26 21 22 22 21 21 22 22 22 23 23 24 23 24 24 24 24 25 27 26 25 26 26 27 26
0 0 0 1 1 1 1 2 2 2 2 2 3 3 3 3 4 4 4 5 5 5 5 5 6 6 6 6 7 7 7 8 8 8 8 8 9 9 10 9 10 11 11 11 11 12 12 14 12 14 13 14 13 13 14 14 14 16 15 15 15 16 16 17 17 18 21 17 18 18 19 19 19 19 20 21 20 20 22 21 21 22 22 22 22 23 23 24 24 24 24 24 25 27 26 26 25 26 27 26
0 0 0 1 1 1 1 1 2 2 2 2 3 3 3 3 4 4 4 4 5 5 5 5 6 6 6 6 7 7 7 8 8 8 8 9 9 12 9 10 10 10 10 11 11 12 12 12 12 13 13 13 14 13 14 14 14 15 15 15 15 16 16 21 17 17 18 17 18 18 20 20 19 19 20 21 21 21 21 21 20 23 22 22 23 23 23 24 24 24 24 25 27 25 26 26 26 27 27 27
0 0 0 1 1 1 1 1 2 2 2 2 3 3 3 3 4 4 4 4 5 5 5 5 6 6 6 6 7 7 7 7 8 8 8 9 9 10 9 10 10 10 10 11 14 12 12 12 13 14 13 14 13 15 14 14 14 15 15 15 15 16 18 16 16 17 18 18 18 18 18 20 19 19 20 21 21 21 22 21 23 22 23 22 23 25 26 24 25 24 24 25 26 26 26 26 25 27 27 26
0 0 0 2 1 1 1 1 2 2 2 3 3 3 4 5 5 4 4 4 5 5 5 5 6 6 6 6 7 7 7 7 8 8 8 9 9 10 9 10 10 10 11 15 12 11 12 12 12 13 13 14 14 14 14 15 15 15 15 15 15 16 16 17 17 18 17 18 18 18 19 20 19 19 20 21 21 21 21 22 21 33 22 23 22 23 23 26 25 24 24 25 26 26 26 26 29 30 27 26
0 0 0 1 1 1 1 1 2 2 2 2 3 3 3 3 4 4 4 4 5 5 5 5 6 6 7 6 7 7 7 7 8 8 9 8 9 9 10 9 11 10 10 11 11 12 12 12 12 13 13 13 14 13 14 16 14 15 16 15 15 16 16 17 17 18 17 17 18 18 19 19 22 20 20 21 21 20 21 21 21 22 22 22 23 24 23 23 24 24 24 24 26 26 25 26 26 27 27 27
0 0 0 1 1 1 1 1 2 2 2 2 3 3 3 3 4 4 4 4 6 5 5 5 6 6 6 6 7 7 7 7 8 8 8 9 9 9 9 10 10 10 10 11 11 12 12 12 13 13 13 13 14 13 14 14 15 15 17 16 15 16 16 16 16 18 17 17 18 19 18 19 19 19 20 20 21 20 22 21 21 21 22 22 22 25 23 25 24 25 24 25 25 25 26 27 26 26 26 26
0 0 0 1 1 1 1 1 2 2 2 3 3 3 3 3 4 4 4 4 5 5 5 5 6 6 6 6 7 7 7 7 8 9 8 8 9 9 9 10 10 10 11 11 12 12 11 12 12 13 13 13 18 15 14 14 14 15 15 17 16 17 16 16 17 17 17 17 17 19 18 19 22 19 19 20 21 21 23 21 21 22 21 23 22 23 23 24 24 27 24 24 25 26 25 25 25 26 27 31
0 0 0 1 1 1 1 1 2 2 2 2 3 3 3 3 4 4 4 4 5 5 5 5 6 6 6 6 7 7 7 7 8 8 8 8 9 9 9 9 10 10 10 11 12 12 15 12 12 13 13 13 13 14 14 15 14 15 15 15 20 16 16 16 17 17 17 17 17 18 18 19 19 19 19 20 20 21 21 21 21 22 21 22 22 24 24 24 24 23 24 25 25 26 26 29 25 26 26 26
0 0 0 1 1 1 1 1 2 2 2 2 3 3 3 3 4 4 4 4 5 5 5 5 6 6 6 6 7 7 7 7 7 8 9 8 9 9 10 9 10 10 14 11 11 11 12 12 12 13 13 13 13 13 14 14 14 14 15 16 15 16 16 16 16 17 17 17 17 19 18 19 19 19 20 20 20 25 20 20 21 21 22 21 27 24 23 24 25 28 24 24 26 26 27 26 26 26 26 27
0 0 0 2 1 1 1 1 2 2 2 2 3 3 4 3 4 4 4 4 5 5 5 5 6 6 6 6 7 7 7 7 13 8 8 9 9 9 9 10 10 10 11 12 15 13 12 12 13 14 13 13 13 14 14 15 15 15 15 16 15 16 16 17 17 17 18 18 18 19 19 20 19 19 20 21 20 21 21 21 21 22 23 22 23 23 24 23 23 25 23 23 25 25 26 30 27 25 25 26
0 0 0 1 1 1 1 2 2 2 2 2 3 3 3 3 4 4 4 4 5 5 5 5 6 6 6 6 7 7 7 7 8 8 8 9 9 9 9 11 10 10 10 11 11 11 11 13 12 13 13 13 14 14 14 14 14 15 15 15 15 16 16 16 18 17 17 17 18 18 18 19 19 19 19 23 22 21 21 22 22 22 23 23 27 23 25 24 24 24 27 24 25 26 26 26 27 27 28 27
0 0 0 1 1 1 1 1 2 2 2 2 3 3 3 3 4 4 4 4 5 5 5 5 6 6 6 6 7 7 7 7 8 8 9 8 9 9 9 9 10 10 11 11 11 12 16 13 17 13 13 13 14 14 14 15 14 15 15 16 16 16 16 17 17 18 18 18 18 19 18 19 19 19 20 23 24 21 21 22 22 22 22 22 22 25 24 24 23 24 24 24 25 25 27 26 26 26 27 27
0 0 0 1 1 1 1 1 2 2 2 2 3 3 3 3 4 4 4 4 5 5 5 6 6 6 6 6 7 7 7 7 8 8 8 8 9 9 9 10 10 10 11 11 11 11 12 12 12 14 13 13 13 14 14 14 15 15 15 15 15 16 16 16 17 17 18 21 18 18 19 19 23 19 22 21 20 20 21 21 21 22 22 22 22 23 23 23 26 24 25 24 25 26 26 26 25 26 26 27
0 0 1 1 1 1 1 1 2 2 2 2 3 3 3 3 4 4 4 4 5 5 5 5 6 6 6 6 7 7 7 7 8 8 8 9 9 10 9 10 10 10 11 12 11 13 12 12 13 13 13 14 13 14 14 15 14 14 15 16 15 16 17 17 18 18 17 20 18 20 19 19 22 19 20 21 21 21 22 23 21 24 22 23 23 24 24 24 24 25 24 24 25 26 27 26 26 25 26 27
0 0 0 1 1 1 1 1 2 2 3 2 3 3 3 4 4 4 4 4 5 5 5 5 6 6 6 6 7 7 7 8 8 8 8 8 9 9 9 9 10 10 11 11 11 12 12 12 13 13 13 13 14 14 14 15 15 15 16 15 16 16 16 17 17 17 18 18 18 18 19 19 19 19 20 21 21 21 21 22 22 23 22 23 27 23 24 24 26 24 25 26 26 26 26 26 26 27 27 27
0 0 0 1 1 1 1 1 2 2 2 2 3 3 3 3 4 4 4 4 5 5 5 5 6 6 6 6 7 7 7 7 8 8 9 8 9 9 14 9 11 13 11 11 11 12 12 12 13 13 13 14 14 14 14 14 15 15 15 16 15 16 16 17 17 17 16 18 19 19 22 19 20 19 20 21 21 20 21 20 22 22 21 27 23 23 25 24 24 24 25 24 25 28 31 26 26 27 28 27
0 0 0 2 1 1 1 1 2 2 2 2 3 3 3 3 4 4 4 4 5 5 5 5 6 6 6 6 7 7 7 7 8 8 8 8 9 9 10 10 10 10 11 11 12 12 12 12 12 13 13 14 15 14 14 15 14 15 15 15 16 16 17 17 16 17 19 18 18 19 19 19 20 20 20 21 21 22 22 21 25 22 22 22 22 23 22 24 30 24 24 25 25 25 26 26 27 27 27 27
0 0 0 1 1 1 1 2 2 2 2 3 3 3 3 3 4 4 4 4 5 5 5 8 6 6 6 6 7 7 7 7 8 8 11 9 9 9 9 9 10 10 11 11 12 14 12 12 12 14 14 13 13 14 14 14 15 15 19 15 15 16 16 17 16 17 17 18 19 18 20 20 19 20 20 21 20 20 21 22 21 22 22 22 23 23 23 24 24 24 28 25 25 26 26 26 26 28 26 27
0 0 0 1 1 1 1 1 2 2 2 2 3 3 3 3 4 4 4 4 5 5 5 5 6 6 6 6 7 7 7 7 8 8 9 8 9 9 10 10 10 11 11 12 12 12 12 12 12 16 13 13 13 14 15 19 14 15 16 16 16 16 16 17 18 18 17 18 17 18 19 19 19 19 20 21 22 20 21 22 24 21 22 22 24 23 23 24 24 24 27 25 25 26 26 26 26 27 27 27
0 0 0 1 1 1 1 2 2 2 2 3 3 3 3 3 4 4 4 4 5 5 5 5 6 6 6 6 7 7 7 7 8 8 8 9 9 9 9 10 10 10 11 11 11 12 13 12 12 14 13 14 14 14 15 15 15 15 15 15 16 17 16 16 17 17 18 17 17 18 19 19 19 19 20 20 20 20 21 22 24 23 22 23 23 23 28 23 24 24 32 25 25 26 26 26 26 27 28 27
0 0 0 1 1 1 1 1 2 2 2 2 3 3 3 3 4 4 4 4 5 5 5 5 6 6 6 6 7 7 7 7 8 8 8 9 9 10 9 10 10 10 14 11 11 11 12 13 12 13 14 14 13 14 14 14 16 15 15 15 16 16 16 17 17 17 16 17 19 18 19 20 19 19 19 22 20 20 22 21 22 22 22 22 22 22 23 23 24 24 24 28 25 25 26 26 27 26 26 27
0 0 0 1 1 1 1 1 2 2 2 2 3 3 3 4 4 4 4 4 5 5 5 5 6 6 6 6 7 7 7 7 8 8 8 9 8 10 9 11 10 10 11 11 11 14 13 12 12 14 13 15 13 14 16 15 14 15 15 15 16 19 17 16 18 17 17 18 18 18 18 19 19 21 19 20 20 20 21 20 21 22 22 22 25 23 24 23 24 24 24 24 27 25 26 26 27 27 27 27
0 0 0 1 1 1 1 1 2 2 2 2 3 3 3 3 4 4 4 4 5 5 5 5 6 6 6 6 7 7 7 7 8 8 8 10 9 9 9 10 10 10 11 11 12 12 12 12 14 14 13 14 13 14 14 14 14 15 15 16 16 16 16 17 16 17 18 17 18 18 20 19 19 19 20 22 20 20 22 21 21 22 22 21 23 24 23 24 25 24 24 25 27 25 26 26 26 27 27 26
0 0 0 1 1 1 1 1 2 2 2 2 3 3 3 3 4 4 4 4 5 5 5 5 6 6 6 6 7 7 7 7 8 8 8 9 9 10 9 11 10 10 11 11 12 12 12 12 12 13 14 15 13 14 14 16 14 15 15 15 15 16 16 16 17 17 18 18 19 18 19 19 20 34 20 21 19 21 22 22 23 23 22 22 23 24 26 29 24 24 24 24 25 25 26 27 26 26 27 33
0 0 0 2 1 1 2 2 2 2 2 3 3 3 3 3 4 4 4 4 5 5 5 5 6 6 6 6 7 7 7 7 8 8 8 9 9 10 9 11 10 10 10 12 12 12 12 12 12 13 13 13 13 14 15 14 14 15 15 16 15 16 16 17 17 17 17 18 19 19 18 19 27 19 20 22 21 21 21 21 21 22 22 22 24 23 24 27 24 24 24 24 24 27 26 28 26 28 27 26
0 0 0 1 1 1 1 1 2 2 2 2 3 3 3 3 4 4 4 4 5 5 5 5 6 6 6 7 7 7 7 7 9 8 8 10 8 9 9 10 10 10 11 12 11 12 11 12 12 14 13 14 14 14 14 14 15 14 15 15 16 16 16 16 16 17 17 18 18 18 19 19 19 19 20 22 21 20 20 22 23 22 23 23 22 23 23 26 33 25 24 25 25 26 25 26 26 26 27 27
0 0 0 1 1 1 1 1 2 2 2 2 3 3 3 3 4 4 4 4 5 5 5 5 6 6 6 6 7 7 7 8 8 8 8 10 9 9 9 10 10 10 11 12 12 12 12 12 12 13 14 14 17 14 15 14 14 15 15 15 15 17 16 16 17 17 17 18 18 18 19 19 19 19 20 21 21 21 21 21 22 22 22 24 21 23 23 24 25 24 24 25 26 28 25 26 26 27 27 27
0 0 0 1 1 1 1 2 2 2 2 2 3 3 3 3 4 4 4 4 5 5 5 5 6 6 6 6 7 7 7 7 8 8 8 8 12 9 10 10 10 10 11 11 11 12 12 12 12 13 14 13 13 14 14 15 14 15 15 16 16 16 16 16 20 17 17 18 18 17 18 19 24 19 20 21 20 21 21 21 21 23 22 22 22 22 24 24 25 23 25 24 25 26 26 33 28 27 27 27
0 0 0 1 1 1 1 1 2 2 2 2 3 3 3 3 4 4 4 4 5 5 5 5 6 6 6 6 7 7 7 7 8 8 8 9 9 9 9 10 10 10 11 11 11 12 12 12 13 14 13 13 13 14 14 14 14 15 15 15 15 16 16 17 17 17 17 19 20 18 19 19 20 25 20 21 21 20 21 23 21 22 22 22 22 23 24 24 24 24 26 24 26 26 28 26 26 26 26 26
0 0 0 1 1 1 1 1 2 2 2 2 3 3 3 3 4 4 4 4 5 5 5 5 6 6 6 6 7 7 7 7 8 8 8 9 9 9 9 11 10 10 11 11 12 12 12 12 13 14 16 14 13 14 14 14 15 16 16 16 16 16 16 16 17 17 17 17 18 18 20 20 19 20 20 22 21 21 22 22 22 22 22 22 23 23 26 26 25 23 25 25 26 26 26 26 27 28 30 26
0 0 0 1 1 1 1 1 2 2 2 3 3 3 3 3 4 4 4 4 5 5 5 5 6 6 6 6 7 7 7 7 8 8 8 9 9 10 9 10 10 10 11 11 12 16 13 12 12 13 14 13 13 14 15 14 16 15 15 15 15 16 16 16 17 18 17 18 18 18 18 18 20 22 21 20 21 22 22 21 21 22 23 22 23 24 24 23 24 25 24 25 26 26 26 30 26 27 27 27
0 0 0 1 1 1 1 2 2 2 2 2 3 3 3 3 4 4 4 5 5 5 5 5 6 6 6 6 7 7 7 7 8 8 8 9 8 10 9 10 10 10 10 11 11 12 12 13 12 13 14 13 13 14 14 14 16 15 15 16 16 16 17 17 17 18 17 18 18 19 19 19 19 19 20 20 22 21 21 21 22 22 22 22 23 27 23 25 24 26 24 24 30 26 31 26 27 26 27 26
0 0 0 1 1 1 1 2 2 2 2 3 3 3 3 3 4 4 4 4 5 5 5 5 6 6 6 6 7 7 7 7 8 8 8 9 9 9 9 11 10 10 11 12 11 11 13 12 13 15 13 13 13 14 14 15 15 15 15 16 16 17 17 16 17 18 17 18 18 19 18 20 19 19 20 21 21 21 22 21 22 22 22 23 22 23 24 24 24 24 25 27 26 26 26 26 27 26 26 27
0 0 0 2 1 1 1 1 2 2 2 2 3 3 5 3 4 4 4 4 5 5 5 5 6 6 6 6 7 7 7 8 8 8 8 9 9 10 9 10 10 10 10 11 11 11 11 12 13 14 13 14 14 14 14 15 15 15 15 15 15 16 16 17 16 17 17 21 18 18 19 19 19 20 21 22 20 20 22 25 22 22 22 23 23 24 29 26 24 26 25 24 26 26 26 26 26 27 27 26
0 0 0 1 1 1 1 2 2 2 2 2 4 3 3 4 4 4 4 5 5 5 5 5 6 6 6 6 7 7 7 7 8 8 8 9 9 10 9 10 10 11 12 11 11 11 12 13 12 13 13 15 14 16 15 14 15 15 15 16 16 16 17 17 16 17 17 18 18 18 19 20 19 18 20 26 22 21 21 22 22 24 22 22 22 24 23 24 24 24 24 24 25 25 27 26 25 27 27 27
0 0 0 1 1 1 1 2 2 2 3 2 3 3 3 3 4 4 4 4 5 5 5 5 6 6 6 6 7 7 7 7 8 8 8 9 9 9 9 10 10 10 10 12 12 12 12 12 12 14 14 14 13 14 14 15 15 16 15 15 15 16 16 18 16 17 18 22 18 18 19 24 19 19 20 21 24 21 21 21 21 22 23 22 23 24 24 23 29 24 24 28 25 27 27 26 35 27 27 27
0 0 0 1 1 1 1 1 2 2 2 3 3 3 3 3 4 4 4 4 5 5 5 5 6 6 6 7 7 7 8 7 8 8 8 10 9 9 9 10 10 10 10 12 11 12 12 13 13 13 13 14 13 14 14 14 14 16 15 16 16 16 16 17 16 17 17 17 18 19 19 20 19 19 20 21 21 21 21 22 28 22 23 24 23 23 25 26 27 24 24 24 30 26 26 26 26 26 26 26
0 0 0 1 1 1 1 1 2 2 2 2 3 3 3 3 4 4 4 5 5 5 5 5 6 6 6 6 7 7 7 7 8 9 9 8 9 9 10 9 10 11 11 11 11 12 11 12 12 13 13 13 14 14 15 14 15 15 15 15 16 16 16 16 16 20 17 17 18 18 20 22 20 19 20 21 20 21 22 21 22 22 22 22 27 23 25 23 27 23 24 24 26 25 26 26 27 31 28 27
0 0 0 2 1 1 1 1 2 2 2 2 3 3 3 3 4 4 7 4 6 5 5 5 6 6 6 6 7 7 7 7 8 8 9 8 12 9 10 9 10 11 11 11 11 12 12 12 12 14 13 17 14 15 14 14 14 15 15 16 15 16 16 17 17 18 17 18 18 18 19 19 19 21 20 21 21 21 24 23 22 22 22 23 23 24 24 25 24 24 25 24 26 27 27 26 28 27 26 27
0 0 0 1 1 1 1 1 2 2 2 2 3 3 3 3 4 4 4 4 5 5 5 5 6 6 6 6 7 7 7 7 8 8 8 8 9 9 9 10 10 10 10 19 12 12 12 14 12 13 14 13 13 13 14 15 15 15 15 15 16 16 18 17 17 17 18 18 19 18 19 19 19 19 20 20 20 21 21 21 23 23 22 23 21 22 23 23 24 25 24 24 25 24 26 26 26 28 27 27
0 0 0 1 1 1 1 2 2 2 2 2 3 3 3 3 4 4 4 4 5 5 5 5 6 6 6 6 7 7 7 7 8 8 8 9 9 10 9 11 10 10 14 11 13 11 12 13 13 13 13 13 14 15 14 15 15 15 15 16 16 16 16 16 17 18 17 17 18 19 19 19 19 19 20 21 21 20 21 21 21 23 22 26 23 24 24 23 24 24 24 25 26 26 26 26 26 37 26 27
0 0 0 1 1 1 1 2 2 2 2 2 3 3 3 3 4 4 4 4 5 5 5 5 6 6 6 6 7 7 7 7 8 8 8 8 9 9 10 9 10 10 11 11 11 12 12 14 12 13 13 17 13 15 15 14 15 15 15 15 16 16 18 16 16 17 18 19 19 19 18 19 21 19 20 26 21 21 28 23 21 23 22 23 29 24 24 24 24 24 25 26 26 26 25 26 26 28 28 27
0 0 0 1 1 1 1 2 2 2 2 2 3 3 3 3 4 4 4 4 5 5 5 6 6 6 6 6 7 7 7 7 8 8 8 8 9 9 9 9 10 10 11 11 11 11 12 12 13 15 13 14 13 14 14 14 14 15 15 16 16 16 16 16 17 17 17 17 18 18 19 19 19 19 20 20 21 20 21 21 22 22 23 23 29 23 24 23 24 24 25 25 31 27 27 26 25 34 38 27
0 0 0 1 1 1 1 1 2 2 2 2 3 3 3 3 4 4 4 4 5 5 5 5 6 6 6 6 7 7 7 7 8 8 8 9 9 10 9 10 10 10 11 11 11 11 12 12 12 15 13 15 13 14 14 14 15 15 17 15 16 17 16 16 17 17 21 17 19 18 19 20 19 20 26 22 21 26 22 22 22 23 23 23 23 23 24 23 23 25 24 24 25 26 27 26 26 27 27 29
0 0 0 1 1 1 1 2 2 2 2 2 3 3 3 3 4 4 4 5 5 5 5 5 6 6 6 6 7 7 7 7 8 8 8 8 9 9 9 9 10 10 13 11 11 12 12 12 12 14 13 13 14 16 14 14 15 17 16 15 16 16 16 17 17 16 17 17 18 18 19 19 19 20 20 21 20 21 27 21 21 22 23 24 22 24 25 23 25 28 24 25 25 25 26 26 25 26 27 27
0 0 0 1 1 1 1 2 2 2 2 3 3 3 3 3 4 4 5 4 5 5 5 5 6 6 6 12 7 7 7 7 8 8 9 8 9 9 10 9 10 10 10 11 11 11 12 12 13 14 13 13 14 15 15 15 15 15 15 15 15 17 17 17 17 18 17 17 19 20 19 20 19 19 20 21 20 21 22 26 21 22 21 22 23 23 24 24 25 24 26 25 28 26 25 26 26 26 27 27
0 0 0 1 1 1 1 1 2 2 2 2 3 3 3 3 4 4 4 4 5 5 5 6 6 6 6 6 7 7 7 8 8 8 9 8 9 9 9 10 11 10 10 12 11 11 12 12 12 13 13 14 14 15 13 14 14 15 15 15 15 16 16 17 17 18 17 18 18 18 19 20 19 19 21 21 21 21 22 26 21 23 22 22 23 23 24 23 24 25 25 24 25 26 29 27 26 26 26 27
0 0 0 1 1 1 1 1 2 2 2 2 3 3 3 3 4 4 4 4 5 5 5 5 6 6 6 6 7 7 8 7 8 8 8 8 9 9 10 9 10 11 11 11 11 12 12 12 12 13 13 13 13 14 15 15 14 15 15 15 16 16 16 17 17 22 17 17 18 18 19 19 19 19 20 24 21 21 21 21 22 22 27 22 22 23 23 23 30 24 24 24 25 25 31 26 26 27 27 27
0 0 0 1 1 1 1 1 2 2 2 2 3 3 3 3 4 4 4 4 5 5 5 5 6 6 6 6 7 7 7 7 8 8 8 9 9 10 9 10 10 10 11 12 11 12 14 12 12 14 13 13 14 14 14 14 15 15 17 16 16 16 16 16 17 17 17 18 19 19 19 20 19 20 19 21 20 20 21 21 21 22 22 22 23 24 24 23 24 28 25 24 25 25 28 26 27 26 26 26
0 0 0 1 1 1 1 1 2 2 2 2 3 3 3 3 4 4 4 4 5 5 5 5 6 6 6 6 7 7 7 7 8 8 8 9 9 10 9 10 10 10 11 11 11 11 17 12 13 13 14 14 13 14 14 15 15 15 15 15 16 16 16 17 17 18 18 17 18 18 18 19 19 19 20 21 20 20 21 21 21 23 21 22 22 23 23 22 24 24 24 24 25 27 26 26 26 27 26 27
0 0 0 1 1 1 1 2 2 2 2 2 3 3 3 3 4 4 4 5 5 5 5 5 6 6 6 6 7 7 7 7 8 8 8 9 9 9 9 10 10 11 11 11 11 12 12 12 12 13 13 13 14 14 14 15 14 15 15 15 16 16 16 17 16 17 17 17 18 18 20 19 19 20 20 20 20 20 21 21 22 22 22 22 23 23 24 24 24 27 24 24 26 26 26 27 26 28 26 27
0 0 0 1 1 1 1 1 2 2 2 2 3 3 3 3 4 4 4 5 5 5 5 5 6 6 6 6 7 7 7 7 8 8 8 10 9 9 9 10 10 10 10 11 12 14 12 13 13 14 13 15 14 14 14 15 14 15 15 15 15 16 16 17 16 18 17 17 19 18 19 19 19 20 20 21 21 21 22 27 21 22 22 22 23 26 23 24 25 24 24 26 26 26 26 26 28 27 26 27
0 0 0 1 1 1 1 1 2 2 2 2 3 3 3 3 4 4 4 4 5 5 5 5 6 6 6 6 7 7 7 7 8 8 8 9 9 10 9 10 10 10 10 11 11 11 12 12 12 13 13 13 14 14 14 14 14 15 15 16 16 16 16 17 16 18 17 18 18 18 18 19 19 19 20 21 20 21 21 21 21 22 23 23 23 23 23 23 24 24 24 25 28 25 26 26 26 27 26 26
0 0 0 1 1 1 1 1 2 2 2 2 3 3 3 3 4 4 4 4 5 5 5 5 6 6 6 7 7 7 7 7 8 8 9 8 9 9 10 9 11 10 11 11 11 11 12 12 12 14 13 15 13 14 14 14 19 15 16 15 15 16 16 16 16 17 17 17 18 18 19 19 19 20 20 21 20 22 21 21 22 23 22 23 21 24 24 23 24 24 25 24 25 26 26 26 27 27 27 28
0 0 0 1 1 1 1 1 2 2 2 2 3 3 3 3 4 4 4 4 5 5 5 5 6 6 6 6 7 7 7 7 8 8 8 10 9 10 9 10 10 11 11 11 12 12 12 12 13 13 13 13 13 14 14 15 14 15 15 15 16 16 16 19 17 19 17 18 18 18 18 20 19 20 19 25 21 23 21 22 21 23 22 23 23 23 25 24 24 24 24 26 25 25 26 27 25 26 27 31
0 0 0 1 1 1 1 1 2 2 2 2 3 3 3 3 4 4 4 4 5 5 5 5 6 6 6 6 7 7 7 7 8 8 9 8 9 9 10 9 10 10 11 11 11 13 12 13 12 13 13 13 13 14 14 15 15 15 15 15 16 16 16 16 17 17 17 17 18 19 19 19 19 19 20 20 20 21 25 22 23 23 22 22 23 23 24 23 25 24 25 25 25 28 27 26 26 27 27 27
0 0 0 1 1 1 1 1 2 2 2 3 3 3 3 3 4 4 4 4 5 5 5 5 6 6 6 6 7 7 7 7 8 8 9 8 9 9 10 9 10 10 11 12 12 13 12 12 13 15 12 13 13 14 14 14 15 15 15 16 16 16 16 16 16 18 17 17 17 24 19 19 19 23 22 21 20 21 20 21 21 23 23 23 22 26 24 32 24 25 24 24 25 27 26 29 26 27 28 27
0 0 0 2 1 1 1 1 2 2 2 2 3 3 3 3 4 4 4 5 5 5 5 5 6 6 7 7 7 7 7 7 8 8 9 8 9 9 10 9 10 11 11 12 11 12 12 12 12 14 13 14 14 14 14 14 15 15 15 16 15 16 16 17 16 18 17 19 18 18 19 19 20 20 21 23 21 19 22 21 21 23 22 23 23 23 24 24 24 24 24 27 25 25 26 26 26 26 27 26
0 0 0 1 1 1 1 1 2 2 2 3 3 3 3 3 4 4 4 4 5 5 5 5 6 6 6 6 7 7 7 8 8 8 9 8 9 9 12 9 10 11 11 11 12 12 12 13 12 14 13 14 13 15 14 15 15 14 15 16 16 15 16 17 17 17 18 17 19 19 19 19 20 18 20 22 21 21 21 21 22 22 21 24 27 23 25 24 23 24 24 24 26 26 26 26 25 26 27 27
0 0 0 1 1 1 1 1 2 2 2 2 3 3 3 3 4 4 4 4 5 5 5 5 6 6 6 6 7 7 7 7 8 8 8 10 9 9 9 10 10 10 10 11 15 12 12 12 12 13 13 13 15 14 14 14 14 15 15 16 16 16 16 17 16 17 17 18 18 18 18 19 23 19 20 21 20 21 21 21 21 22 21 22 22 23 24 23 25 30 25 24 25 26 26 26 27 27 27 26
0 0 1 1 1 1 1 2 2 2 2 2 3 3 3 3 4 4 4 4 5 5 5 5 6 6 6 6 7 7 7 7 8 8 8 8 9 9 9 9 10 10 10 11 13 11 12 12 12 13 13 13 14 14 14 14 15 15 15 15 16 17 16 17 17 18 17 17 18 19 19 19 19 19 20 21 21 23 23 23 21 23 30 27 22 23 24 24 24 25 25 26 25 25 26 26 26 27 26 27
0 0 0 1 1 1 1 1 2 2 3 2 3 3 3 3 4 4 4 4 5 5 5 5 6 6 6 6 7 7 7 8 8 8 8 9 9 10 9 11 10 10 11 12 11 12 12 12 13 16 13 13 13 14 13 15 14 15 15 15 16 16 17 16 17 17 18 17 18 18 18 20 19 20 20 20 20 22 21 21 21 24 22 26 23 24 23 23 24 23 26 24 25 26 26 26 26 27 27 27
0 0 0 1 1 1 1 1 2 2 2 2 3 3 3 3 4 4 4 4 5 5 5 6 6 6 6 6 7 7 7 7 8 8 8 9 9 9 9 10 10 10 11 11 11 12 12 12 12 13 14 14 14 14 14 15 15 15 14 16 16 16 17 17 16 18 17 18 18 21 18 19 20 18 20 21 20 21 21 21 21 22 22 22 22 23 23 24 24 23 24 29 25 25 31 26 26 27 34 27
0 0 0 1 1 1 1 1 2 2 2 2 3 3 3 3 4 4 4 4 5 5 5 5 6 6 6 6 7 7 7 8 8 8 9 8 9 9 10 10 10 10 11 11 12 12 15 12 13 13 13 14 14 14 14 14 15 15 15 15 16 16 16 17 21 18 18 19 18 18 19 18 20 20 20 20 26 20 22 22 21 22 23 22 23 23 24 23 24 24 24 24 25 25 26 25 26 26 25 29
0 0 0 1 1 1 1 1 2 2 2 2 3 3 3 3 4 4 4 4 5 5 5 5 6 6 6 6 7 7 7 7 8 8 8 9 9 9 9 10 10 10 11 11 11 12 12 12 12 13 13 13 13 14 14 14 14 15 16 15 15 17 16 16 16 18 18 17 18 19 19 19 19 19 19 21 20 20 21 21 21 21 22 25 23 24 24 23 24 24 24 25 28 26 26 26 25 26 26 26
0 0 0 1 1 1 1 1 2 2 2 2 3 3 3 3 4 4 4 4 5 5 5 6 6 6 6 6 7 7 8 7 8 8 8 8 10 9 10 10 10 10 10 12 11 13 12 12 12 13 13 16 13 14 14 15 14 15 16 15 16 16 16 17 17 17 17 18 23 18 19 20 19 18 20 21 20 20 21 21 26 22 22 22 23 23 23 23 23 24 24 27 25 25 26 26 28 26 26 27
0 0 0 2 1 1 1 1 2 2 2 2 3 3 3 3 4 4 4 4 5 5 5 5 6 6 6 6 7 7 7 7 8 8 8 9 9 10 9 10 10 11 11 12 12 11 11 12 12 13 13 13 13 13 15 14 15 14 15 15 16 16 16 17 16 17 18 21 17 18 19 19 19 19 21 20 20 21 21 21 21 23 22 23 22 23 22 23 24 24 24 24 25 25 26 27 25 26 26 26
0 0 0 1 1 1 1 1 2 2 2 2 3 3 3 3 5 4 4 5 5 5 5 5 6 6 6 6 7 7 7 8 8 8 9 8 9 9 10 9 10 11 11 11 11 12 12 13 12 13 13 14 13 14 16 15 14 15 14 15 16 16 16 17 20 17 17 17 18 18 19 19 19 22 20 20 24 19 21 22 22 22 22 23 23 24 24 24 24 24 24 26 25 27 26 26 26 27 26 28
0 0 0 1 1 1 1 1 2 2 2 2 3 3 3 3 4 4 4 4 5 5 5 5 6 7 6 6 7 7 7 7 8 8 8 10 8 10 9 10 10 10 11 11 12 12 12 12 12 13 13 13 14 14 14 14 17 15 15 16 16 16 17 16 16 17 16 18 18 18 21 19 19 19 20 20 23 21 21 21 22 23 22 23 22 22 24 23 32 24 24 27 24 26 26 26 29 26 26 28
0 0 0 1 1 1 1 1 2 2 2 2 3 3 3 3 4 4 4 4 5 5 5 6 6 6 6 6 7 7 7 7 8 8 9 8 9 9 10 10 10 11 10 12 12 12 12 18 13 13 13 13 13 14 15 15 15 15 15 15 15 16 16 18 17 17 17 17 18 18 19 19 19 20 20 20 21 21 23 21 22 22 22 22 23 23 23 24 25 25 24 25 26 25 26 25 25 31 25 26
0 0 0 1 1 1 1 2 2 2 2 2 3 3 3 3 4 4 4 4 5 5 5 5 6 6 6 6 7 7 7 7 8 9 8 12 9 9 9 10 13 10 11 11 11 13 12 12 13 13 13 14 18 15 14 14 14 15 15 15 16 16 16 17 16 17 17 18 17 18 20 19 19 20 20 20 20 20 21 21 21 29 22 22 25 23 23 23 25 24 24 31 27 26 27 26 25 26 27 27
0 0 0 1 1 1 1 1 2 2 2 2 3 3 3 3 4 4 4 4 5 5 5 5 6 6 6 6 7 7 7 7 8 8 8 9 9 10 10 10 10 10 11 12 13 12 12 12 12 13 13 13 14 16 14 14 14 15 15 15 16 16 16 17 17 18 17 18 22 18 19 20 20 19 20 20 20 21 21 21 22 22 22 22 22 23 24 23 23 24 24 23 25 26 26 26 31 27 25 26
0 0 0 1 1 1 1 1 2 2 2 2 3 3 3 3 4 4 4 4 5 5 5 5 6 6 6 6 7 7 7 7 8 8 8 9 9 10 9 11 10 10 10 11 12 11 12 12 12 13 14 13 13 14 15 14 15 15 15 16 16 16 16 17 16 18 17 17 18 19 19 19 19 20 20 21 21 21 21 21 20 22 22 21 23 26 24 24 24 24 25 26 25 31 26 26 27 32 28 27 
0 0 0 2 1 1 1 1 2 2 2 3 3 3 3 3 4 4 4 4 5 5 5 5 5 6 6 7 7 7 7 8 8 8 8 8 9 9 10 10 11 10 11 11 11 11 13 13 12 13 14 14 35 28 14 15 17 15 18 17 19 16 16 17 17 17 17 19 19 19 20 19 20 20 21 21 21 21 21 22 21 22 23 23 22 23 23 22 24 27 25 24 25 26 26 26 26 27 30 27
0 0 0 1 1 1 1 1 2 2 2 2 3 3 3 3 4 4 4 4 6 5 5 5 5 6 6 6 6 7 7 7 8 11 9 8 10 10 10 9 10 11 11 11 11 12 12 12 13 13 14 14 15 14 14 15 15 15 15 17 16 16 16 17 17 18 17 18 17 18 20 18 19 19 21 22 20 23 21 22 22 22 23 22 22 23 24 25 24 24 27 25 26 26 26 28 26 27 27 27
0 0 0 2 1 1 1 1 2 2 2 3 3 3 3 3 4 4 4 5 5 5 5 5 5 6 6 6 7 7 7 7 8 9 8 8 8 10 9 10 9 10 11 12 12 12 12 12 13 13 13 13 14 14 14 15 16 15 17 16 17 16 16 16 22 18 18 17 19 18 19 21 20 20 20 20 20 20 21 21 22 23 22 23 23 22 25 24 25 23 25 26 26 26 26 26 26 26 28 27
0 0 0 1 1 1 1 1 2 2 2 2 3 3 3 3 4 4 4 4 5 5 5 5 6 6 6 6 7 7 7 8 8 8 8 8 9 9 9 10 10 10 11 12 13 12 12 12 12 14 13 14 14 14 14 15 15 15 15 15 15 16 16 17 17 18 20 18 19 18 19 19 19 21 23 21 20 20 21 21 22 22 23 24 24 24 24 24 25 25 31 24 28 26 27 30 28 27 26 27
0 0 0 1 1 1 1 2 2 2 2 2 3 3 3 3 4 4 4 5 5 5 5 5 6 6 6 6 8 7 7 7 8 8 8 9 10 9 10 10 12 10 15 11 15 11 12 12 12 13 13 14 15 14 14 14 15 15 15 15 15 16 16 17 17 18 18 18 25 19 19 19 20 20 31 21 21 23 21 24 22 22 22 22 23 23 23 23 24 24 25 24 26 26 26 26 26 26 27 27
1 0 0 1 1 2 2 1 2 2 3 2 3 3 3 3 4 4 4 5 5 5 5 6 6 6 7 6 9 7 7 8 8 8 8 11 9 10 9 10 10 10 11 11 12 12 12 12 12 13 13 13 15 14 14 15 14 15 15 15 15 16 16 17 17 17 17 23 18 19 19 19 19 19 21 21 20 21 21 21 22 22 22 23 22 23 24 24 25 24 24 24 26 26 26 28 26 28 27 30
