0 0 1 1 1 1 2 2 3 3 3 4 3 4 4 4 5 5 6 6 6 7 9 8 8 8 10 9 10 10 10 14 10 13 11 12 13 18 14 14 14 19 15 15 15 15 15 16 17 18 17 17 18 18 19 19 19 20 20 21 21 21 27 30 30 23 23 24 24 25 26 26 26 27 28 27 28 28 28 30 29 32 36 35 34 35 36 41 32 33 33 33 38 36 34 37 35 39 36 37
0 0 0 1 1 1 2 2 2 3 3 3 4 4 4 5 5 5 6 6 6 7 7 8 8 8 9 9 9 10 10 11 10 11 12 12 12 12 13 13 13 14 14 14 15 15 16 17 17 17 17 23 18 20 23 20 21 22 22 32 36 23 30 31 28 25 24 28 28 29 27 27 30 29 30 28 27 30 31 30 29 28 30 30 31 30 33 33 33 34 33 35 35 36 34 37 47 36 36 37
0 0 0 1 1 1 2 2 2 4 3 4 5 4 4 5 5 5 5 6 6 7 7 7 8 8 8 9 10 10 10 10 10 11 11 12 12 12 13 16 14 14 15 16 15 16 16 17 16 19 18 18 18 18 19 20 21 20 22 25 22 22 22 23 23 23 26 25 26 24 26 27 30 28 27 27 28 28 28 29 29 30 31 31 32 31 34 33 37 34 33 35 35 35 43 36 36 36 36 38
0 0 0 1 1 1 2 2 2 2 3 3 4 5 5 5 5 5 5 8 7 8 8 7 8 9 10 10 10 10 11 10 12 12 12 12 12 13 13 13 14 14 15 15 15 16 16 17 19 18 17 18 19 22 19 21 20 23 21 21 24 24 24 23 27 27 40 24 24 25 24 25 26 26 27 27 28 40 33 36 35 30 30 30 31 31 34 33 43 33 36 33 33 33 35 35 34 36 37 36
0 0 0 1 1 1 2 2 2 2 3 3 4 4 4 4 5 5 6 6 6 7 7 7 8 8 8 9 9 9 10 10 10 14 11 12 14 13 13 14 14 14 15 15 15 15 17 17 16 17 17 18 21 18 19 19 19 20 20 20 21 22 27 22 25 25 23 26 26 25 30 31 26 26 28 32 29 30 38 31 30 34 32 34 30 35 34 32 36 36 38 33 33 37 35 34 35 36 36 36
0 0 0 1 1 1 2 2 3 3 3 4 3 4 4 5 5 5 5 6 6 7 9 7 8 8 9 9 9 10 10 10 12 12 11 12 12 12 15 13 15 14 14 15 15 15 16 16 17 17 18 17 18 18 18 27 19 20 20 22 21 23 22 22 24 23 23 24 25 25 25 26 27 27 27 27 28 29 28 28 29 30 29 31 30 30 31 31 32 32 33 33 33 34 34 34 35 36 36 36
0 0 0 1 1 1 2 3 2 3 3 3 4 4 4 5 5 6 6 6 6 7 7 7 8 8 9 9 9 9 11 11 11 11 11 12 12 12 13 13 14 14 15 15 15 15 16 17 17 17 17 18 18 18 19 19 19 20 20 20 21 21 22 22 23 23 24 24 24 25 25 25 25 26 26 27 27 28 28 28 29 30 29 30 30 30 31 31 32 32 32 33 33 34 34 34 35 35 35 36
0 0 0 1 1 1 2 2 2 3 3 3 3 4 4 4 5 5 6 6 6 7 7 7 8 8 8 9 9 10 10 10 10 11 11 11 12 12 13 13 14 13 14 14 15 15 15 16 17 17 17 17 18 19 19 19 19 19 20 20 21 21 22 22 22 23 23 24 24 24 25 25 25 26 26 27 27 27 28 28 28 29 29 30 30 31 33 31 32 32 32 33 33 33 34 34 35 35 35 36
0 0 0 1 1 1 2 2 2 3 3 3 4 4 4 5 5 5 5 6 6 6 7 8 8 8 8 9 9 10 10 10 11 11 12 11 12 12 13 16 13 14 14 15 15 15 16 16 16 17 17 17 18 18 18 19 19 20 20 21 21 21 22 22 23 23 23 24 24 24 25 25 25 26 27 26 27 30 27 28 29 29 29 30 30 31 31 31 31 32 32 33 33 34 34 34 35 35 39 36
0 0 0 1 1 1 2 2 2 2 3 3 4 4 4 5 5 5 5 6 7 7 7 7 8 8 8 9 9 10 10 10 11 11 11 12 13 12 13 13 13 14 14 14 15 16 16 16 16 17 17 18 18 18 19 19 19 20 20 21 21 22 22 22 22 23 23 24 24 24 25 25 28 27 26 26 27 27 28 28 29 29 29 30 30 30 31 32 32 32 33 33 34 34 34 35 35 43 35 36
1 0 0 1 1 1 2 2 2 2 3 3 4 4 4 4 5 5 6 6 6 7 7 8 8 8 8 9 9 9 10 10 10 11 11 12 12 12 13 13 13 14 14 14 15 15 16 16 17 17 17 18 18 18 18 20 20 19 20 21 21 21 22 22 23 23 23 23 24 24 25 25 25 26 26 27 27 27 28 28 28 29 29 30 30 30 32 32 31 32 32 33 33 34 34 34 35 35 36 36
0 0 0 1 1 4 2 2 2 3 4 3 3 4 4 4 5 5 6 6 6 6 7 7 7 12 8 9 10 9 10 11 11 11 11 12 12 14 13 13 14 14 14 15 15 16 15 16 17 18 17 17 18 18 19 19 19 27 20 21 21 21 21 22 22 23 23 24 24 25 25 25 26 26 26 26 27 27 28 28 29 29 30 30 30 30 31 31 32 32 32 33 34 34 35 34 35 36 36 36
0 0 0 1 1 1 2 2 2 2 3 3 3 4 4 5 5 5 6 6 6 6 7 7 8 8 9 9 9 9 10 10 11 11 11 11 12 12 13 13 13 14 14 14 15 15 16 16 17 17 17 17 18 18 19 19 19 20 20 20 21 21 22 22 22 23 23 23 25 24 25 25 26 26 28 26 27 27 28 28 28 29 29 30 30 30 31 32 31 32 32 33 33 34 34 35 35 38 36 36
0 0 0 1 1 1 2 2 2 2 3 3 3 4 4 5 5 5 6 6 6 6 7 7 8 8 8 9 10 9 10 10 10 11 11 11 12 13 12 13 13 14 14 14 15 15 16 16 16 17 17 17 18 19 19 19 20 20 20 21 21 22 22 22 23 23 24 24 24 24 25 25 25 26 26 27 27 27 28 29 29 30 29 29 30 30 32 31 32 32 32 33 34 34 36 37 36 35 36 36
0 0 0 1 1 1 2 2 2 3 3 3 3 4 4 4 5 5 5 6 7 6 9 7 8 8 8 9 9 9 10 10 11 11 11 12 12 12 13 13 13 14 14 15 15 15 16 16 16 17 18 17 18 18 19 19 19 20 20 21 21 21 22 22 23 23 23 24 24 24 25 25 25 26 26 27 27 27 30 28 29 29 29 31 30 31 31 31 31 32 33 34 33 33 34 34 35 36 36 37
0 0 1 1 1 1 2 2 2 3 3 3 3 4 4 5 5 5 6 6 6 6 7 7 8 8 8 9 9 9 10 10 10 11 11 12 12 12 12 13 13 14 14 18 15 15 16 16 16 16 17 17 18 20 19 19 19 20 20 20 21 21 21 22 22 23 23 23 24 24 24 26 25 26 26 26 28 27 28 28 28 30 29 31 33 31 31 31 32 33 33 33 34 34 35 35 35 37 39 36
0 0 0 1 1 1 2 2 2 3 3 3 4 4 4 4 5 5 6 6 6 7 7 7 8 8 8 9 9 9 10 10 11 11 11 12 12 12 14 13 13 14 14 14 15 17 16 16 16 17 17 17 18 18 19 19 20 19 20 20 21 21 22 23 22 23 28 24 24 24 24 25 25 26 26 27 27 27 27 28 28 29 29 30 30 30 31 31 32 32 32 32 34 37 35 35 35 35 36 36
0 0 0 1 1 1 2 2 2 2 3 3 3 4 4 4 5 5 6 6 6 7 7 7 8 8 8 9 9 10 10 10 11 11 11 12 12 12 13 13 13 14 14 15 15 15 16 16 16 17 17 17 18 18 18 19 19 20 21 20 21 21 21 22 22 23 23 23 25 24 25 25 25 28 26 27 27 27 28 28 30 29 30 30 30 30 31 32 32 33 33 33 33 33 34 36 35 35 37 36
0 0 0 1 1 1 2 2 2 3 3 3 4 4 4 5 5 5 6 6 6 7 7 8 7 8 8 9 10 9 10 10 10 11 11 11 12 12 12 13 14 14 14 14 15 15 22 16 16 17 17 17 18 18 19 19 19 20 20 20 21 21 22 22 22 23 23 23 26 24 25 26 25 26 26 27 27 28 28 30 30 29 29 29 30 30 31 31 31 32 32 33 33 33 35 35 35 35 36 36
0 0 0 1 1 1 2 2 2 3 3 3 4 4 4 4 5 5 5 6 6 6 7 7 8 8 8 8 9 10 11 10 11 11 11 11 12 13 13 14 14 14 15 15 15 15 16 16 17 17 17 17 18 19 19 19 19 20 20 20 21 21 21 22 22 24 23 23 24 24 25 25 26 27 26 29 27 27 28 28 28 29 29 30 30 31 31 31 32 32 32 33 33 34 34 34 35 36 35 36
0 0 0 1 1 1 2 2 2 3 3 3 3 4 4 5 5 5 5 6 6 7 7 7 8 8 9 9 9 9 10 10 11 11 11 12 12 12 13 13 13 14 14 14 15 15 16 16 16 17 17 17 18 19 19 19 19 20 20 20 21 22 22 22 22 24 23 24 26 24 25 25 25 26 26 28 27 27 29 28 28 29 29 30 30 30 33 32 33 33 33 33 34 36 34 34 35 35 35 39
0 0 0 1 1 1 2 2 2 4 3 3 4 4 4 4 5 5 6 6 6 7 7 7 8 8 8 9 9 9 10 11 10 11 11 12 12 13 13 13 13 14 14 14 15 16 15 16 16 16 17 18 18 18 19 19 20 20 21 20 21 22 22 22 22 23 23 23 24 24 25 25 26 26 26 27 29 28 28 28 29 29 29 29 30 30 31 33 32 32 33 33 35 33 34 35 35 36 35 37
0 0 0 1 1 1 2 2 3 3 3 3 4 4 4 4 5 5 5 6 6 7 7 7 8 8 8 9 9 9 10 10 10 11 11 12 12 13 13 13 13 14 14 15 15 15 16 16 16 17 17 17 18 18 19 19 19 20 21 20 21 22 22 22 23 23 23 24 24 24 24 25 25 26 26 27 27 28 28 28 29 29 29 30 30 30 31 31 31 33 32 33 33 34 34 35 36 36 40 37
0 0 0 1 1 1 2 2 3 3 3 3 4 4 5 4 5 6 5 6 6 7 7 7 8 8 8 9 9 10 10 10 10 11 11 12 12 12 13 13 13 14 15 14 16 16 15 16 16 17 17 18 18 18 19 19 19 20 20 20 21 22 21 22 23 23 24 24 24 24 24 25 25 26 26 26 27 27 28 28 29 29 29 30 30 30 31 31 31 33 32 33 33 33 34 34 35 36 36 36
0 0 0 1 1 1 2 2 3 3 3 3 4 4 4 4 5 5 6 6 6 7 7 7 7 8 9 9 9 9 10 10 11 11 11 12 12 13 13 13 13 14 14 15 15 16 15 16 16 17 17 17 18 19 19 19 20 21 21 20 21 21 22 22 23 23 23 23 24 25 24 25 25 25 28 27 27 28 27 28 30 29 29 33 31 31 31 32 33 32 33 34 33 34 34 34 34 36 35 36
0 0 1 1 1 1 2 2 2 3 3 3 4 4 4 4 5 5 5 6 6 6 7 8 8 8 9 9 9 9 10 10 10 12 11 12 12 12 12 13 13 14 14 15 15 15 15 16 17 17 17 18 18 18 18 20 19 20 20 20 22 21 21 22 23 23 24 24 24 25 24 25 26 26 26 27 27 29 28 28 29 29 34 30 30 30 31 31 32 33 32 33 33 33 34 34 35 35 36 36
0 0 0 1 1 1 2 2 2 2 3 3 3 4 4 5 5 5 5 6 6 7 7 7 8 8 8 9 9 9 10 10 10 11 11 12 12 12 13 13 24 14 14 14 15 15 16 16 17 17 17 17 18 18 19 19 20 20 20 20 23 22 23 22 22 23 23 24 24 25 25 25 25 26 26 27 27 27 28 28 28 29 30 30 30 30 31 32 32 32 34 33 34 34 34 35 36 36 35 36
0 0 0 1 1 1 2 2 2 2 3 4 4 4 6 5 5 5 5 6 6 7 7 7 8 8 8 9 9 10 10 10 10 11 11 12 12 17 13 13 13 14 14 14 15 15 15 16 17 17 17 17 18 19 19 19 19 20 20 21 21 21 21 22 23 23 23 25 24 24 25 25 25 26 26 27 28 29 28 28 28 29 29 30 30 30 31 31 32 34 32 33 33 34 34 34 35 35 36 36
0 0 1 1 1 1 2 2 3 3 3 3 4 4 4 5 5 6 5 6 6 6 7 7 7 8 8 9 9 9 10 10 11 14 11 11 12 12 13 13 13 14 14 15 15 15 16 16 17 17 17 18 18 18 19 19 19 20 20 21 21 22 22 22 23 23 23 25 24 24 25 25 25 26 26 26 27 28 28 28 34 29 29 31 31 34 31 32 32 32 33 33 33 34 41 34 35 40 36 37
0 0 0 1 1 1 2 2 2 3 3 3 4 4 4 5 5 5 6 9 6 7 7 7 8 10 8 10 10 10 10 10 10 11 11 11 12 12 13 13 13 14 14 15 15 15 16 16 17 17 17 21 18 19 19 19 22 20 21 27 21 21 22 22 25 23 23 24 26 24 26 30 26 26 26 28 28 29 33 28 30 30 31 30 30 30 32 33 32 32 33 33 33 48 35 37 37 39 42 40
