1 4 10 18 28 41 55 75 90 111 138 161 194 223 258 290 327 373 412 454 506 571 625 727 763 923 1058 968 1050 1146 1198 1226 1318 1352 1442 1479 1577 1863 1837 1959 2173 2004 2176 2200 2287 2421 2507 2597 2695 2823 2945 3051 3188 3308 3415 3550 3678 3882 4008 4070 4200 4447 4618 4965 5168 5556 5354 5482 5512 5776 6104 6009 6116 6299 6534 6673 6786 6938 7166 7435 7791 8715 8969 8998 9114 9224 9248 9633 9532 9293 9307 9569 10179 10053 10376 10553 14593 10964 11339 11712
1 4 10 18 27 41 56 72 95 117 141 162 192 225 256 287 329 367 437 462 515 584 610 688 746 773 861 905 1012 1056 1144 1202 1224 1308 1402 1496 1555 1758 1741 1860 2053 1994 2080 2214 2263 2392 2509 2627 2710 3007 3453 3780 3857 3628 3498 3666 4052 4254 4496 4711 5328 5248 4904 5586 5858 6343 5927 5968 6585 6387 6512 6472 6805 6881 7153 7509 6918 7239 7818 8256 7518 7616 7839 8090 8164 8342 8758 9160 9328 9448 9767 9857 10049 10366 10661 10778 15268 11298 11447 11838
1 4 10 18 28 41 58 74 104 115 152 166 199 239 272 306 336 387 500 484 557 570 612 690 723 792 856 941 1004 1071 1125 1186 1271 1379 1430 1516 1676 1849 1879 1952 2187 2081 2156 2233 2359 2507 2588 2713 3039 2970 3104 3174 3292 3444 3542 3680 3988 3981 4090 4488 4347 4736 4620 4785 4962 5158 5241 5479 5547 5802 5904 6127 6377 6408 6587 6766 6930 7119 7350 7480 7698 8199 8004 8236 8544 8807 8819 9211 9480 9494 9717 9906 10038 10364 10755 11666 15595 11432 11558 11889
1 5 10 18 32 42 57 77 106 115 138 173 219 256 270 324 342 404 460 469 542 615 636 682 741 828 865 951 1056 1265 1252 1236 1353 1415 1443 1501 1610 1836 1773 1863 2109 2070 2177 2266 2379 2491 2620 2787 2925 3091 3063 3216 3312 3614 3855 3884 3906 4312 4459 4233 4466 4882 4979 4930 5168 6013 6494 6017 5802 5606 5704 5830 6050 6273 6382 6544 6838 8133 8153 8251 9179 8489 7949 8983 8474 8676 9383 9017 9993 9736 10535 10916 9780 9984 10221 10417 14582 10957 11137 11330
1 4 10 17 28 39 56 72 98 112 136 162 192 220 254 292 326 367 408 458 496 552 598 645 709 767 816 876 943 1021 1079 1163 1231 1309 1429 1498 1592 1768 1767 1838 2195 2019 2118 2289 2329 2421 2513 2682 2766 2850 3050 3152 3259 3355 3489 3617 3866 3793 4047 4111 4182 4448 5373 5400 5200 5813 5279 5450 6068 6272 6574 6918 6874 6507 6493 7729 7638 7509 7842 8033 8421 9111 8685 9093 9138 9212 9095 9444 9764 9766 9811 9633 9827 10069 10257 10666 14858 10952 11138 11310
1 4 9 18 28 41 56 73 111 114 149 162 200 227 254 305 331 366 410 475 514 582 641 706 773 829 902 942 967 1110 1114 1189 1234 1398 1406 1471 1559 1748 1757 1800 2105 2037 2100 2213 2318 2397 2489 2607 2716 2839 2994 3100 3202 3299 3436 3706 3775 3793 3942 4092 4299 4541 4553 4710 4805 5142 5075 5263 5362 5951 5930 5902 6133 6202 6398 6594 6790 6952 7069 7731 7395 7560 7785 7905 8123 8290 8541 8813 8945 9132 9331 9511 9732 9908 10337 10379 14483 10787 11100 11199
1 4 11 17 27 40 54 72 104 112 136 163 217 226 254 303 332 372 431 450 503 550 600 646 707 763 818 884 947 1009 1088 1161 1221 1301 1391 1462 1537 1741 1719 1812 2019 1991 2078 2194 2278 2384 2482 2598 2723 2823 2938 3055 3257 3325 3515 3529 3624 3758 3892 4049 4311 4401 4495 4564 4713 4830 5003 5155 5453 5487 5619 5847 5937 6070 6282 6444 6616 6764 7065 7273 7398 7528 7767 7979 8126 8316 8531 8875 8923 9127 9313 9514 9788 9891 10221 10335 14440 10777 11042 11382
1 4 10 17 27 40 58 73 90 113 135 159 187 221 252 292 321 371 409 450 498 546 599 649 708 758 818 878 946 1009 1092 1155 1228 1305 1391 1470 1565 1756 1707 1809 2031 1995 2082 2192 2281 2395 2496 2572 2706 2810 2915 3038 3211 3387 3400 3534 3628 3804 3943 4065 4200 4455 4491 4607 4790 4907 5060 5249 5388 5524 5661 5835 5993 6184 6316 6491 6671 6856 7135 7226 7395 7597 7742 7920 8141 8342 8632 8730 8956 9155 9294 9595 9748 10112 10157 10368 14452 10883 10994 11386
1 4 10 17 28 39 54 74 90 114 135 160 192 219 255 292 328 366 407 448 501 545 596 646 709 762 831 886 956 1013 1081 1159 1224 1302 1390 1476 1540 1736 1725 1800 2049 1995 2086 2181 2309 2386 2501 2610 2688 2830 2974 3096 3167 3286 3406 3546 3692 3783 3936 4051 4220 4481 4474 4640 4763 4910 5105 5270 5363 5534 5694 5827 6024 6169 6380 6507 6679 6943 7070 7262 7421 7531 7776 7950 8135 8402 8669 8769 8933 9105 9341 9495 9799 10005 10165 10391 14568 10977 11182 11306
1 5 10 17 28 39 53 79 90 112 137 162 193 221 251 288 324 364 408 451 495 544 601 655 711 766 821 894 952 1016 1083 1153 1232 1311 1401 1456 1550 1751 1719 1814 2806 1987 2096 2193 2283 2392 2512 2594 2787 2859 2942 3060 3179 3304 3435 3548 3684 3804 3936 4049 4200 4473 4495 4606 4758 4970 5075 5232 5380 5530 5724 5841 5990 6191 6361 6520 6781 6877 7039 7211 7425 7659 7820 7980 8192 8440 8555 8742 8933 9109 9373 9521 9922 9987 10174 10406 14621 11095 11171 11327
1 4 10 18 32 40 55 72 98 112 138 161 193 218 251 297 325 366 402 453 493 554 624 668 737 786 826 896 946 1032 1120 1160 1235 1289 1384 1502 1545 1636 1706 1823 1955 2037 2087 2175 2281 2381 2498 2592 2737 2895 2942 3059 3159 3315 3417 3543 3661 3795 3943 4063 4228 4430 4497 5632 4771 4914 5073 5213 5370 5533 5698 5874 6019 6320 6368 6506 6662 6879 7057 7215 7419 7563 7803 7945 8136 8638 8502 9260 8941 9178 9407 9546 9765 9934 10187 10372 10730 10835 11067 11296
2 4 10 17 30 44 81 78 91 113 136 170 192 220 257 289 324 362 405 450 503 546 610 658 707 812 833 890 1076 1104 1104 1167 1245 1310 1378 1470 1597 1818 1798 1892 1894 2014 2138 2187 2304 2398 2491 2674 2711 2944 2992 3059 3193 3300 3403 3548 3709 3855 4150 4121 4332 4353 4522 5652 4796 4977 5105 5217 5407 5552 5702 5915 6127 6224 6388 6558 6746 6912 7056 7271 7433 7736 7828 7997 8165 8387 8586 9281 9003 9301 9309 9655 9803 9975 10236 10519 10761 10935 11110 11343
1 4 10 17 29 40 54 79 91 111 135 162 189 221 253 292 325 371 403 458 498 553 599 645 709 768 830 894 955 1029 1098 1157 1263 1359 1413 1534 1550 1637 1717 1811 1907 1994 2091 2201 2291 2386 2485 2594 2721 2834 2943 3076 3194 3322 3410 3533 3666 3826 4025 4130 4193 4376 4459 5561 4763 4922 5095 5225 5428 5552 5700 5990 6015 6197 6401 6556 6679 6846 7056 7222 7551 7671 7835 8057 8207 8367 8589 9295 9151 9156 9381 9616 9806 9992 10210 10570 10637 10870 11082 11323
1 4 10 17 27 39 55 72 92 111 138 162 191 220 259 291 325 371 407 454 498 550 604 646 708 770 831 916 966 1048 1114 1180 1232 1319 1447 1469 1544 1639 1724 1811 1907 1998 2096 2196 2305 2387 2512 2606 2726 2857 2951 3057 3192 3291 3431 3569 3739 3916 3931 4068 4235 4361 4500 5695 4802 4924 5099 5257 5423 5599 5822 5873 6036 6226 6394 6571 6712 6903 7103 7302 7635 7637 7772 8018 8191 8397 8581 9393 9062 9187 9383 9642 9803 10028 10289 10446 10728 10896 11165 11321
1 4 10 18 29 41 54 76 90 113 137 161 191 222 250 290 329 364 405 452 499 598 628 657 725 784 853 891 949 1024 1099 1154 1244 1311 1395 1472 1558 1627 1732 1809 1919 1981 2096 2183 2291 2382 2504 2589 2729 2845 2937 3042 3161 3308 3441 3650 3682 3809 3939 4091 4232 4375 4483 5687 4790 4905 5066 5269 5425 5700 5683 5883 6017 6236 6389 6527 6716 6894 7127 7413 7452 7581 7786 7994 8151 8388 8571 9388 8991 9162 9440 9609 9804 10019 10315 10425 10654 10877 11113 11363
1 4 10 17 29 44 53 72 90 118 136 163 207 220 258 315 335 381 407 455 505 543 593 663 708 770 825 886 948 1016 1091 1163 1239 1305 1376 1480 1543 1636 1728 1818 1905 1997 2088 2186 2296 2396 2504 2631 2730 2817 2952 3058 3180 3381 3450 3519 3657 3823 3924 4090 4245 4373 4515 5662 4752 4941 5066 5251 5452 5553 5708 5894 6043 6206 6366 6566 6699 6870 7177 7268 7426 7613 7826 7990 8193 8356 8682 9342 9023 9198 9421 9569 9747 10174 10240 10512 10643 10840 11179 11566
1 4 10 17 30 39 55 70 91 111 135 169 189 223 257 287 328 369 409 457 491 550 607 650 705 764 820 892 947 1011 1097 1167 1237 1310 1398 1471 1537 1641 1715 1800 1896 2001 2100 2202 2278 2401 2509 2605 2732 2830 2954 3101 3238 3311 3414 3564 3700 3818 3946 4070 4228 4369 4504 5658 4793 4933 5107 5330 5379 5530 5691 5881 6041 6184 6367 6540 6705 6963 7110 7242 7424 7639 7833 8033 8219 8403 8644 9300 8990 9132 9345 9574 9901 10209 10392 10582 10709 10872 11177 11557
1 4 10 17 30 40 53 79 91 112 137 163 189 219 257 288 338 369 413 453 503 540 597 652 707 766 830 896 963 1054 1167 1228 1243 1309 1379 1477 1557 1653 1727 1828 1908 1993 2111 2219 2284 2397 2508 2617 2710 2923 2983 3077 3173 3300 3437 3573 3696 3811 3942 4089 4286 4391 4501 5663 4792 4990 5180 5244 5412 5563 5729 5911 6045 6253 6430 6683 6823 6913 7074 7245 7459 7686 7832 8020 8142 8561 8557 9296 9030 9201 9375 9628 9926 10044 10224 10457 10696 10889 11202 11388
1 4 9 17 30 40 54 72 92 114 135 163 192 219 254 291 326 364 412 456 496 549 596 652 714 760 837 891 964 1106 1090 1159 1237 1312 1386 1471 1543 1632 1724 1822 1913 2001 2092 2209 2292 2393 2510 2673 2732 2845 2956 3084 3170 3297 3456 3562 3678 3814 3943 4082 4231 4353 4528 5682 4864 4960 5114 5268 5388 5582 5697 5890 6035 6243 6361 6609 6828 6907 7097 7277 7470 7624 7781 7984 8274 8370 8569 9312 8981 9240 9372 9777 9830 10014 10211 10477 10694 10984 11209 11339
1 4 11 29 30 40 54 70 90 111 135 166 192 222 254 293 328 362 411 471 502 549 592 660 708 767 818 893 964 1012 1155 1162 1241 1346 1391 1490 1548 1636 1742 1808 1985 2012 2106 2306 2438 2433 2507 2597 2727 2853 2944 3061 3202 3311 3411 3540 3695 3816 3954 4081 4224 4373 4506 5754 4882 4983 5048 5302 5458 5628 5719 5911 6068 6189 6538 6840 6990 6901 7084 7235 7415 7632 7808 8201 8210 8355 8545 9312 9024 9211 9527 9664 9808 10041 10278 10499 10733 11053 11115 11384
1 4 10 18 29 41 54 71 93 124 135 161 191 225 259 298 331 378 409 476 512 556 660 677 710 765 832 896 949 1013 1099 1158 1236 1320 1389 1470 1561 1635 1722 1822 1904 2016 2110 2193 2293 2386 2500 2597 2824 2830 2960 3157 3172 3334 4253 3602 3700 3829 3969 4092 4235 4370 4506 4645 4789 4932 5096 5260 5479 5702 5745 5886 6052 6221 6360 6591 6723 6939 7075 7330 7452 7617 7832 8064 8190 8441 8634 8883 9001 9182 9417 9569 9856 10089 10323 10465 10746 11225 11120 11328
1 4 10 18 28 52 54 72 91 113 149 165 191 229 276 310 344 365 404 455 498 544 598 650 710 763 832 893 958 1022 1089 1152 1221 1300 1403 1473 1551 1626 1731 1807 1910 1998 2104 2180 2307 2396 2499 2620 2818 2825 2950 3131 3228 3414 4214 3556 3712 3820 3957 4096 4223 4368 4503 4661 4797 4961 5079 5275 5442 5560 5733 5872 6038 6211 6430 6545 6713 6925 7175 7258 7489 7626 7807 8028 8193 8349 8724 8837 9031 9185 9399 9630 9846 10195 10225 10504 10676 11221 11190 11417
1 4 10 18 28 45 53 71 91 114 135 167 191 223 257 289 328 368 409 457 502 551 588 656 707 772 832 901 959 1026 1102 1168 1238 1315 1396 1463 1561 1642 1727 1826 1925 2007 2087 2178 2342 2381 2499 2620 3026 2904 3082 3214 3192 3312 4195 3564 3700 3827 3923 4095 4244 4352 4500 4619 4799 4963 5173 5247 5412 5571 5692 5869 6052 6196 6380 6540 6718 7034 7053 7276 7442 7621 7825 7987 8163 8470 8563 8968 8971 9442 9370 9568 9988 10265 10255 10533 10703 11217 11202 11535
1 4 10 18 28 45 54 72 91 113 135 163 189 223 261 290 327 365 408 458 499 549 599 661 717 768 822 893 951 1015 1096 1167 1240 1311 1399 1466 1622 1643 1723 1805 1894 1998 2102 2181 2290 2412 2509 2611 2873 2909 2949 3155 3183 3336 4178 3556 3722 3831 3959 4087 4212 4351 4513 4639 4862 5041 5080 5248 5383 5568 5709 5898 6048 6195 6381 6546 6862 6891 7138 7247 7457 7626 7815 8026 8252 8449 8645 8722 8997 9202 9426 9620 9846 10039 10263 10470 10683 11163 11256 11371
1 4 10 18 28 45 54 71 92 112 137 163 195 222 255 290 328 365 410 457 505 555 602 654 706 772 821 890 952 1026 1094 1154 1239 1301 1392 1469 1556 1653 1742 1819 1926 2006 2084 2192 2300 2418 2574 2652 2810 2827 2947 3148 3195 3324 4197 3585 3706 3826 3958 4114 4225 4378 4526 4794 4825 4944 5098 5233 5404 5556 5761 5890 6047 6232 6437 6671 6733 6912 7105 7245 7472 7634 7853 8068 8238 8416 8593 8831 8980 9187 9388 9796 9844 10028 10330 10453 10716 11313 11128 11358
1 5 10 17 28 55 55 71 92 112 139 164 193 223 261 294 326 396 407 451 496 551 594 656 707 767 832 897 954 1027 1094 1161 1238 1314 1387 1483 1566 1639 1742 1812 1895 1998 2181 2226 2353 2398 2505 2609 2804 2848 2939 3159 3198 3303 4188 3572 3683 3828 3960 4081 4219 4383 4651 4633 4815 4954 5090 5267 5415 5573 5679 5871 6050 6297 6436 6522 6719 6907 7090 7285 7421 7614 7879 8068 8194 8404 8647 8809 9003 9205 9525 9601 9806 10034 10287 10458 10684 11263 11149 11359
1 4 10 18 27 45 54 75 92 112 136 167 193 220 254 288 327 370 408 452 498 549 602 650 712 766 823 895 947 1017 1096 1175 1231 1318 1386 1477 1560 1640 1738 1866 1963 2035 2105 2208 2287 2405 2509 2610 2807 2842 2953 3149 3174 3313 4186 3574 3694 3803 3960 4077 4285 4393 4504 4707 4711 4998 5110 5277 5404 5592 5737 5888 6090 6274 6398 6547 6750 6923 7103 7247 7425 7634 7939 8055 8215 8355 8588 8782 9015 9293 9412 9601 9817 10100 10231 10471 10847 11190 11164 11413
1 4 10 18 27 45 55 74 91 113 137 163 192 222 254 293 329 369 411 467 503 554 600 660 712 763 823 893 954 1031 1083 1165 1247 1322 1401 1465 1621 1677 1770 1829 1925 2005 2106 2206 2306 2403 2511 2631 2808 2854 2955 3173 3185 3312 4194 3572 3691 3843 3966 4203 4268 4364 4505 4640 4780 4936 5086 5214 5417 5583 5750 5890 6183 6219 6363 6517 6703 6915 7102 7278 7456 7746 7803 7995 8147 8364 8590 8794 9024 9335 9401 9616 9795 9994 10255 10598 10763 11175 11153 11395
1 4 10 18 28 46 68 73 91 113 135 163 192 222 259 290 323 367 415 454 501 550 601 661 713 775 822 901 961 1024 1094 1174 1273 1336 1419 1492 1558 1650 1734 1817 1916 2001 2107 2198 2304 2413 2508 2614 2816 2837 2956 3148 3209 3300 4179 3570 3709 3906 4080 4095 4232 4389 4537 4663 4812 4993 5098 5249 5435 5568 5808 5989 6063 6240 6395 6570 6740 6926 7112 7297 7557 7687 7868 8033 8247 8434 8601 8910 9175 9216 9471 9664 9884 10019 10400 10658 10822 11322 11205 11400
1 4 10 18 28 46 55 72 90 113 141 164 204 235 257 290 329 364 405 460 515 555 598 647 713 797 861 964 986 1047 1132 1166 1244 1396 1440 1515 1562 1658 1731 1832 1919 2002 2108 2199 2318 2436 2586 2635 2814 2850 2943 3198 3196 3311 4195 3867 3870 3881 3968 4191 4245 4386 4498 4774 4856 4999 5139 5250 5498 5767 5746 6021 6148 6281 6428 6622 6848 6927 7114 7716 7465 7635 7841 7983 8218 8421 8652 8898 8992 9210 9535 9858 9954 10250 10512 10604 10880 11292 11286 11618
