0 0 0 1 1 1 1 1 2 2 2 4 3 3 3 3 4 4 4 4 5 5 6 7 6 6 10 8 7 8 8 9 8 9 8 11 10 10 9 13 10 14 14 11 11 12 12 12 12 14 13 13 14 14 14 14 17 15 15 15 15 17 19 18 17 19 23 20 18 21 21 19 20 21 22 22 22 22 22 22 24 27 30 22 25 30 33 27 24 25 24 26 28 29 26 27 27 30 27 27
0 0 0 1 1 1 1 1 2 2 3 3 3 3 3 3 4 5 4 5 5 6 5 6 6 9 7 7 9 7 7 7 8 8 10 9 9 10 10 10 12 11 11 12 12 11 14 14 12 14 14 19 15 16 16 15 17 18 18 19 18 20 22 22 22 20 22 26 23 22 23 21 26 19 25 23 22 22 29 29 23 23 23 23 22 23 28 26 25 25 25 24 31 28 28 32 29 29 28 28
0 0 0 1 1 1 1 1 2 3 2 2 3 3 3 5 4 5 6 5 5 6 5 5 6 6 7 8 7 7 7 7 8 8 9 10 9 14 11 13 11 11 11 13 13 13 13 13 16 16 15 14 15 15 16 21 15 20 17 21 16 17 17 17 21 19 18 18 18 19 22 21 20 20 21 22 22 22 21 21 22 25 25 25 23 24 32 26 27 26 25 29 26 28 26 37 27 32 34 30
0 0 0 1 1 1 1 2 2 2 2 4 3 3 3 3 5 4 5 4 5 5 6 6 6 6 6 7 9 9 9 9 8 9 8 12 11 10 11 10 11 12 11 11 12 12 13 16 20 14 15 16 15 14 15 16 17 20 16 17 19 19 19 19 17 29 24 20 18 19 19 19 19 21 20 20 25 26 25 30 22 25 25 25 24 24 24 26 47 24 25 25 31 26 26 26 26 30 26 26
0 0 0 1 1 1 1 1 2 2 2 2 3 3 3 4 4 4 4 4 5 5 5 6 6 6 6 6 7 8 7 7 8 8 8 9 9 11 10 10 11 11 12 13 11 12 13 21 13 15 15 16 15 15 15 16 14 16 15 16 17 18 26 17 20 24 19 23 25 18 25 26 20 21 22 23 29 28 26 27 25 26 35 28 26 31 30 24 33 29 29 26 26 28 27 27 26 28 26 27
0 0 0 1 1 1 1 2 2 2 2 2 3 3 3 5 4 5 4 6 5 5 6 5 6 6 7 6 7 8 7 9 8 8 10 9 9 9 11 10 11 11 12 11 12 11 12 14 13 14 14 14 14 14 15 16 14 15 15 18 17 17 17 16 17 18 18 24 18 18 20 20 22 21 22 21 21 22 21 22 23 22 23 23 22 24 27 24 23 26 25 25 27 26 26 27 26 27 26 28
0 0 0 1 1 1 1 2 2 2 2 3 5 3 3 4 4 4 5 4 5 5 6 5 6 6 6 6 7 7 8 7 8 8 8 9 9 9 10 10 10 11 11 12 12 12 12 12 12 13 13 13 13 14 14 15 15 15 16 16 16 16 16 17 16 18 17 18 18 19 18 20 23 19 20 21 21 20 21 22 22 22 23 24 22 24 24 23 24 25 24 24 26 30 26 28 28 27 27 31
0 0 0 1 1 1 2 2 2 2 2 2 3 3 3 4 4 4 4 5 5 5 5 5 6 6 6 6 7 7 7 8 8 8 8 9 9 9 10 10 10 11 11 11 13 12 12 12 12 13 14 14 14 14 15 15 14 15 15 16 17 16 16 17 16 17 17 18 18 18 19 21 20 19 20 21 22 22 22 21 21 22 23 23 23 23 30 24 24 25 25 24 27 27 26 26 27 27 29 28
0 0 0 1 1 1 1 1 2 2 2 2 3 3 3 4 4 4 4 4 5 5 6 5 6 6 7 6 7 7 8 7 8 9 8 9 9 10 10 11 11 10 13 11 11 12 12 12 13 13 15 16 13 14 14 17 15 15 15 15 17 16 16 17 17 17 17 17 19 19 19 21 20 20 20 21 21 21 22 22 22 22 22 22 23 23 23 24 25 26 25 24 26 28 27 27 26 27 27 28
0 0 0 2 1 1 1 1 2 2 2 2 3 3 3 3 4 4 4 5 5 5 5 6 6 6 6 6 7 7 7 7 8 9 8 8 9 10 9 10 10 12 11 11 12 11 12 12 13 14 13 14 14 14 14 15 14 15 15 16 16 16 16 17 16 18 19 18 18 19 23 20 20 19 21 21 20 21 22 22 22 23 22 23 23 24 23 24 25 24 25 25 26 26 27 26 28 26 30 28
0 0 0 1 1 1 1 1 2 2 2 2 3 3 3 4 4 4 4 5 5 5 5 7 6 6 7 7 7 7 7 7 8 8 9 8 10 9 10 9 10 11 11 12 12 11 12 12 14 14 13 13 14 14 15 14 15 16 15 18 15 19 16 17 16 17 17 18 18 18 19 20 20 19 24 21 21 20 21 22 22 22 22 22 23 24 24 26 24 24 24 25 26 26 26 27 27 27 26 27
0 0 0 1 1 1 2 1 2 2 2 2 3 3 3 4 4 4 4 5 5 5 5 5 6 7 6 6 7 7 8 9 9 8 8 9 9 13 10 11 10 10 12 12 11 11 14 13 14 24 20 13 15 14 14 14 20 21 15 15 17 16 16 16 17 17 18 18 20 18 19 19 19 20 21 21 21 21 22 22 21 23 22 22 23 23 24 24 25 24 25 24 26 26 29 27 25 26 26 26
0 0 0 1 1 1 1 1 2 2 2 3 3 3 3 3 4 4 4 4 5 5 5 5 6 6 6 6 7 7 7 7 8 9 8 8 9 9 10 9 11 11 11 11 12 11 12 12 12 14 13 13 13 14 14 14 14 15 17 16 16 16 21 16 17 17 17 18 17 18 19 18 20 19 20 21 21 21 21 21 21 22 30 23 23 24 25 23 24 24 25 24 26 26 26 26 26 26 28 27
0 0 0 1 1 1 1 1 2 2 2 2 3 3 3 3 4 4 4 4 5 5 5 5 6 6 6 6 7 7 7 7 8 8 9 8 9 9 10 9 10 11 11 11 12 11 12 12 12 13 13 14 14 14 14 14 15 15 15 15 16 16 17 16 17 17 16 18 18 18 19 19 19 19 20 22 20 20 25 21 21 21 24 22 22 23 23 23 26 24 24 24 25 26 25 25 26 26 27 27
0 0 0 1 1 1 1 1 2 2 2 2 3 3 3 3 4 4 4 4 5 5 5 5 6 6 6 6 7 7 7 7 8 8 8 9 9 9 10 9 11 10 11 12 12 13 12 12 12 13 12 13 14 14 14 14 14 17 15 15 15 16 16 17 16 17 17 18 24 18 20 19 20 19 20 21 20 20 20 21 21 22 21 22 23 23 23 23 24 24 24 24 25 26 26 26 26 27 26 27
0 0 0 1 1 1 1 1 2 2 2 2 3 3 4 3 4 4 4 4 5 5 5 5 6 6 6 7 6 7 7 7 8 8 9 8 9 9 10 9 10 10 10 11 12 12 12 14 13 15 13 13 13 18 14 15 14 16 15 15 16 16 17 17 17 17 17 17 19 18 19 18 19 19 21 21 20 22 22 22 22 22 22 24 21 23 24 23 24 24 25 24 25 25 26 28 26 31 27 28
0 0 0 1 1 1 1 1 2 2 2 2 3 3 3 3 4 4 4 5 5 5 5 6 6 6 6 6 7 7 8 8 8 8 8 9 9 9 10 10 11 10 11 11 12 12 11 12 12 14 13 15 14 15 14 15 14 15 16 16 16 16 16 16 17 17 20 18 18 19 19 21 19 19 20 21 21 21 21 21 21 22 22 23 24 24 24 24 24 24 27 26 30 37 27 26 27 27 28 27
0 0 0 1 1 1 1 1 2 3 2 3 3 3 3 3 4 4 5 4 5 5 5 5 6 6 6 6 7 7 8 8 8 8 8 9 9 10 9 10 10 11 11 11 12 12 12 12 13 14 13 15 14 14 15 14 14 16 15 16 15 16 16 17 17 17 17 18 18 18 19 19 19 20 20 23 22 21 21 22 20 22 23 23 22 24 24 23 28 24 24 25 26 26 26 26 26 27 28 27
0 0 0 1 1 1 1 1 2 2 2 2 3 3 3 3 4 4 6 4 5 5 5 6 6 6 6 6 7 7 7 8 8 8 9 9 9 9 10 10 10 11 11 11 11 11 14 13 12 13 12 14 13 14 14 14 15 15 15 16 16 16 17 17 17 18 17 18 17 18 19 19 19 19 20 20 21 20 26 21 20 23 22 25 22 24 23 24 24 24 24 27 26 26 26 27 28 27 27 28
0 0 0 1 1 1 1 2 2 2 2 2 3 3 3 3 4 5 5 5 5 5 5 5 6 6 6 6 7 7 8 7 8 8 9 8 10 10 11 10 10 12 10 11 11 12 12 12 12 13 13 13 13 14 14 15 15 14 15 16 15 16 16 17 17 17 17 18 19 18 20 20 19 20 21 26 20 21 21 21 22 23 22 23 23 24 24 23 25 24 24 24 25 26 26 26 26 26 26 28
0 0 0 1 1 1 2 1 2 2 2 3 3 3 4 3 4 4 4 5 5 5 5 5 6 6 7 7 7 7 7 8 8 8 8 8 9 9 10 9 10 10 11 11 11 12 12 12 13 14 13 13 14 13 14 14 14 16 15 16 17 16 21 16 17 17 18 17 22 18 18 20 19 20 19 20 21 24 28 27 23 22 22 23 23 24 24 23 23 23 24 25 24 26 27 26 26 27 27 27
0 0 0 1 1 1 1 1 2 2 2 2 3 3 3 3 4 4 4 5 5 5 5 6 6 6 6 6 7 7 7 8 8 8 9 9 9 9 10 9 10 10 10 11 11 12 12 12 12 14 13 13 15 16 14 14 14 15 15 15 18 16 16 17 16 17 17 18 18 18 18 19 19 20 20 20 19 21 26 21 22 23 22 22 23 23 23 23 24 24 24 25 27 27 26 25 26 27 28 28
0 0 0 1 1 1 2 2 2 2 2 2 3 3 3 3 4 4 4 4 5 5 5 5 6 6 6 6 7 7 7 8 8 9 10 8 10 9 10 10 10 12 11 11 12 12 12 13 14 15 13 13 14 13 15 14 15 15 15 18 18 17 16 17 20 18 18 17 18 18 20 19 20 21 20 22 21 23 21 21 22 22 23 23 23 23 25 24 24 28 24 26 27 26 26 28 26 27 32 28
0 0 0 1 1 1 1 2 2 2 2 2 3 3 3 4 4 4 4 5 5 5 5 5 6 6 6 6 7 7 7 8 8 8 9 10 9 9 9 9 10 11 10 12 11 11 13 12 13 14 14 14 14 15 14 14 14 15 15 15 16 16 17 17 16 17 17 18 17 18 18 19 19 19 20 20 20 20 21 21 21 22 22 23 22 24 24 24 24 24 25 25 26 26 26 26 27 27 27 26
0 0 0 1 1 1 1 1 2 2 2 2 3 3 3 3 4 4 5 4 5 5 5 5 6 6 6 6 7 7 7 7 8 8 9 8 9 9 10 10 10 10 10 11 12 13 12 12 14 14 13 13 13 14 14 14 15 15 16 15 15 17 17 20 17 17 17 18 18 17 19 19 19 20 20 22 20 21 22 22 20 22 22 23 23 23 23 24 24 25 25 24 26 25 27 26 25 27 26 27
0 0 0 1 1 1 1 2 2 2 2 2 3 3 3 3 4 4 4 4 4 5 5 5 6 6 6 6 7 7 7 7 8 8 8 9 10 9 10 10 10 12 11 11 11 12 12 13 12 13 13 13 13 14 14 16 14 16 15 15 16 20 17 16 16 17 17 18 18 18 19 19 18 20 19 21 20 20 21 21 21 22 24 24 22 23 25 23 24 24 24 25 25 26 27 26 25 27 27 26
0 0 0 1 1 1 1 1 2 2 2 2 3 3 3 3 4 4 4 5 5 5 5 5 6 6 6 7 7 7 7 7 8 8 9 9 9 9 10 9 10 11 11 11 11 12 12 13 13 14 14 13 14 14 14 14 15 15 16 16 18 16 16 16 16 19 17 18 18 18 19 19 20 19 19 21 20 21 21 21 22 23 21 23 24 23 24 23 24 25 25 25 24 26 27 26 26 27 28 29
0 0 0 3 1 1 1 2 2 2 2 4 3 3 3 3 4 4 4 4 5 6 5 5 6 6 6 7 7 7 7 8 8 8 8 9 9 12 9 10 10 10 11 11 11 12 12 12 12 14 13 13 14 15 14 14 15 15 15 15 16 19 16 17 17 18 18 18 18 18 19 18 20 20 19 21 20 22 22 21 21 22 24 23 23 23 24 23 27 24 24 25 25 26 27 26 27 28 28 29
0 0 0 1 1 1 1 1 2 2 2 2 3 3 3 3 4 4 5 4 5 5 5 5 6 6 6 7 7 7 7 7 9 8 8 9 9 10 9 10 10 10 11 11 11 11 13 12 13 13 13 15 14 14 14 14 15 16 15 16 15 16 16 17 17 19 17 19 18 19 19 19 19 19 20 21 20 22 22 21 22 22 23 23 22 25 24 24 24 24 25 25 25 29 39 26 28 36 26 31
0 0 0 1 1 1 1 1 2 2 2 3 3 3 3 4 5 4 4 5 5 5 5 5 7 7 7 6 7 7 8 7 8 11 8 10 9 10 9 10 10 10 11 13 11 12 12 12 12 14 15 17 14 14 14 15 17 15 15 17 17 16 16 18 19 19 17 18 19 18 19 19 19 20 20 24 21 20 26 22 22 21 22 23 22 23 22 24 25 24 24 25 26 31 26 25 27 32 30 36
0 0 0 1 1 2 2 2 2 2 2 3 3 3 4 4 4 4 4 5 5 5 6 6 6 7 8 8 8 9 8 8 9 9 9 9 10 11 11 13 13 12 13 11 13 13 13 13 13 14 14 14 15 14 15 16 15 19 17 16 18 17 19 20 18 20 18 19 20 21 20 20 23 20 21 22 23 23 22 27 24 24 24 25 24 25 26 34 26 26 26 27 28 28 28 28 28 30 29 30
0 0 0 2 1 1 2 2 2 2 3 3 3 4 3 4 4 4 4 5 5 6 6 6 6 7 7 8 7 8 9 8 8 9 9 9 10 10 10 10 10 11 12 12 12 13 13 13 15 14 14 14 14 20 17 16 17 16 16 17 17 18 19 18 19 21 19 18 19 19 21 21 21 22 25 22 24 22 23 23 25 24 28 25 27 24 26 29 27 26 27 27 28 30 29 29 28 30 29 32
0 0 0 1 1 1 1 2 2 2 3 3 3 3 4 4 4 4 5 5 6 5 6 6 6 6 8 7 8 7 8 8 8 8 10 10 12 11 11 10 10 11 12 12 12 14 13 13 14 14 14 15 14 16 15 16 16 17 17 18 17 17 17 17 18 20 23 19 20 19 21 20 20 23 23 23 23 22 26 23 24 24 25 25 24 24 27 26 26 26 26 26 28 26 29 28 31 30 29 29
0 0 0 2 1 1 2 2 2 2 2 3 3 3 3 4 4 4 4 5 5 5 6 6 6 7 7 7 7 8 8 8 9 9 9 10 10 11 10 11 11 12 11 12 12 13 13 14 16 15 15 15 15 14 15 21 16 17 17 17 17 23 17 18 18 19 23 19 21 20 22 21 22 21 21 24 23 22 24 24 22 25 24 25 26 25 25 25 26 26 26 26 29 27 34 27 29 29 29 31
0 0 0 2 1 1 1 2 2 2 2 3 3 3 4 4 4 4 5 5 5 6 6 6 6 6 7 7 7 8 8 8 9 9 10 9 9 10 10 10 12 11 11 12 13 14 14 14 14 14 14 16 15 14 15 16 15 17 17 16 18 19 19 20 18 19 21 19 20 20 22 22 25 22 21 22 23 25 23 23 26 27 24 31 30 24 25 25 28 27 31 27 28 28 27 28 28 29 29 29
