0 0 0 0 0 1 1 1 1 2 1 2 2 2 2 3 3 3 3 4 4 5 5 7 6 6 7 6 7 7 7 10 8 8 9 10 9 10 10 12 10 12 12 12 15 13 13 14 14 14 15 16 16 17 17 17 18 18 20 20 20 21 22 22 22 24 24 24 25 26 28 27 27 27 31 29 30 31 31 39 36 41 42 39 38 46 42 41 38 38 40 40 41 42 42 44 44 45 45 46
0 0 0 0 1 0 1 1 1 1 1 2 2 2 2 3 3 3 3 4 4 5 5 5 5 6 6 6 6 6 7 7 7 8 12 9 9 9 10 11 11 11 11 12 12 13 14 15 16 15 17 25 17 18 18 18 23 22 20 26 26 21 25 27 27 24 24 27 27 32 29 29 31 30 31 30 29 32 35 34 37 33 35 35 34 35 38 39 38 40 40 41 41 42 44 44 44 46 46 47
0 0 0 0 0 0 1 1 1 1 1 2 2 2 3 3 3 3 3 3 4 4 4 5 5 5 6 6 6 7 7 7 8 9 9 10 10 10 10 13 11 11 12 13 13 14 14 14 16 15 15 20 16 17 18 19 19 19 19 20 20 21 22 22 23 23 23 24 24 26 28 27 28 29 33 29 31 31 32 32 34 34 34 35 36 38 37 39 39 40 43 40 43 44 43 44 46 46 50 49
0 0 0 0 0 0 1 2 1 1 1 2 2 3 3 3 3 3 3 4 4 5 4 5 5 5 6 7 7 8 7 8 8 8 10 9 9 9 10 12 11 12 12 12 12 13 13 14 17 15 15 15 17 19 17 20 19 21 20 21 33 22 23 24 27 28 35 26 25 25 26 26 27 28 28 29 30 38 37 44 35 34 34 36 35 36 40 41 45 39 42 40 42 41 42 43 44 43 46 46
0 0 0 0 0 1 1 1 1 1 1 2 2 2 3 3 3 3 3 3 4 4 4 5 5 5 6 6 6 7 7 7 7 9 9 11 9 10 10 11 10 11 12 12 13 13 13 15 14 15 15 16 16 18 17 18 18 18 20 20 20 20 25 22 39 25 23 29 27 25 33 32 30 28 29 32 32 31 32 35 35 38 37 40 42 41 38 41 47 43 41 39 42 46 42 42 44 45 45 45
0 0 0 0 0 0 1 1 1 1 1 2 2 2 2 3 3 3 3 4 4 4 6 5 5 5 8 6 6 7 7 7 8 8 9 9 9 10 11 10 16 11 11 12 13 13 14 14 14 14 15 15 16 17 17 20 19 19 19 20 20 21 22 22 23 23 24 25 24 28 26 26 28 28 29 29 29 36 31 31 32 34 34 35 34 35 37 37 41 39 39 40 41 42 42 43 44 45 46 46
0 0 0 0 0 1 1 1 1 1 1 2 2 2 2 3 3 3 3 3 4 4 5 5 5 5 6 6 6 6 7 7 8 8 9 9 9 10 10 10 11 11 12 12 12 13 13 14 14 14 16 15 16 17 17 17 18 18 19 20 20 21 21 21 22 23 23 25 26 25 25 26 27 28 28 29 30 33 31 31 32 33 34 34 35 36 37 36 37 39 40 40 41 41 42 43 43 44 45 47
0 0 0 0 0 1 1 1 1 1 2 4 2 2 2 3 3 3 3 4 4 4 4 5 5 5 5 6 6 6 7 7 7 8 8 9 9 10 10 10 10 11 12 12 12 13 13 14 14 15 15 16 16 17 17 18 18 18 19 20 20 20 21 21 22 24 23 24 25 26 27 26 27 28 29 30 29 31 31 32 32 33 34 34 34 36 36 37 38 39 39 40 41 42 42 43 44 44 46 45
0 0 0 0 0 0 1 1 1 1 2 2 2 2 2 3 3 3 3 4 4 4 4 5 5 5 6 6 6 7 7 7 8 8 8 9 9 9 10 15 11 11 11 12 12 13 13 14 14 15 15 15 16 16 17 17 18 19 19 20 21 20 21 22 23 23 24 24 25 25 26 26 27 28 28 29 30 38 30 32 32 32 35 34 34 35 36 36 38 38 39 40 40 42 42 43 43 45 53 46
0 0 0 0 0 1 1 1 1 1 1 2 2 2 2 2 3 3 3 4 4 4 4 5 5 6 6 6 6 7 7 7 8 8 8 9 10 9 10 10 11 11 12 12 12 13 13 14 14 16 15 16 16 17 17 17 18 18 19 20 20 20 21 21 24 23 24 24 24 25 26 26 27 28 29 28 30 31 31 31 32 32 35 36 36 35 37 37 39 38 39 40 41 41 43 44 44 47 45 46
0 0 0 0 0 1 1 1 1 1 1 2 2 2 3 2 3 3 3 4 4 4 4 5 5 5 5 6 6 7 7 8 7 8 8 9 9 9 10 11 11 11 12 12 12 13 13 13 14 15 15 16 16 16 17 17 18 18 20 20 21 20 21 22 23 23 23 24 24 25 26 26 27 28 29 29 29 30 31 32 33 33 33 34 35 36 37 37 37 39 39 40 41 42 42 43 43 44 45 46
0 0 0 0 0 1 1 1 1 1 1 2 2 2 2 3 3 3 3 4 4 5 4 5 5 6 6 6 7 7 7 7 8 8 8 10 10 9 10 10 13 11 11 12 12 12 13 16 14 28 16 15 16 16 17 18 18 19 19 19 20 21 21 22 22 23 23 24 24 25 26 27 27 27 28 29 29 31 31 31 32 33 33 34 35 35 36 37 38 38 40 40 40 41 41 42 44 44 45 45
0 0 0 0 0 1 1 1 1 1 1 2 2 2 2 3 3 3 3 4 4 4 5 5 5 5 6 6 6 6 7 7 7 9 8 9 9 9 10 10 10 11 11 12 13 12 13 13 14 14 15 16 16 16 17 17 18 23 19 20 20 20 21 22 22 23 24 24 24 25 26 26 27 27 29 28 29 30 32 31 33 33 33 34 36 35 37 37 37 39 39 41 41 42 42 43 44 45 45 45
0 0 0 0 0 1 1 1 1 1 1 2 2 2 2 2 3 3 3 4 4 4 4 5 5 5 6 6 7 7 7 7 7 8 8 8 9 10 10 10 11 11 11 12 12 13 13 13 14 14 15 15 16 16 17 17 19 18 20 19 20 22 22 21 22 23 23 24 25 27 25 26 27 28 28 29 29 30 30 32 32 33 33 33 35 35 36 37 38 40 38 40 39 40 44 43 43 45 45 46
0 0 0 0 0 0 1 1 1 1 1 2 2 2 2 3 3 3 3 3 4 4 5 5 5 5 6 6 6 6 7 7 8 8 9 9 9 9 10 10 11 11 11 12 12 13 13 14 14 15 17 15 16 16 18 17 18 18 19 19 20 20 21 21 22 23 23 23 25 25 25 27 27 27 28 28 29 30 31 31 32 33 33 35 36 35 37 37 38 40 39 40 40 41 42 44 44 44 46 49
0 0 0 0 0 0 1 1 1 1 1 2 2 2 2 2 3 3 3 4 4 4 4 5 5 5 5 6 6 6 7 7 7 8 8 9 9 10 10 10 11 11 11 12 12 13 13 13 14 14 15 15 17 17 17 17 18 19 21 20 20 20 21 22 22 23 23 24 25 25 26 27 27 28 29 29 30 30 31 31 33 32 34 35 34 36 38 37 37 39 38 41 42 43 43 43 44 44 44 48
0 0 0 0 0 0 1 1 1 1 2 2 2 2 2 3 3 3 3 4 4 4 5 5 5 5 6 7 6 7 7 7 8 8 9 9 10 9 10 10 11 11 12 12 12 13 13 14 14 14 15 16 16 16 17 17 18 18 19 19 20 21 21 23 23 22 25 23 24 25 25 26 27 28 28 29 30 30 30 31 32 33 33 34 34 35 36 37 38 40 39 39 41 45 42 42 44 44 45 46
0 0 0 0 0 1 1 1 1 2 1 2 2 2 2 2 3 3 3 4 4 4 4 5 5 6 6 6 6 7 7 8 7 8 8 9 9 9 10 11 11 11 11 12 13 13 13 13 14 14 15 20 16 17 17 17 18 18 19 20 20 21 21 22 22 24 23 24 25 26 26 27 27 27 29 29 29 31 31 31 32 33 35 34 34 35 37 37 38 40 45 40 40 42 43 43 43 45 44 47
0 0 0 0 0 1 1 1 1 1 1 2 2 2 2 2 3 3 3 3 4 4 5 5 5 5 5 6 6 7 7 7 8 8 8 9 9 10 10 10 10 11 12 12 12 13 14 13 14 15 15 16 16 16 17 17 20 19 19 20 20 20 21 22 22 23 24 24 24 25 26 27 27 28 29 30 29 31 30 31 32 33 33 34 35 35 36 40 39 38 39 40 40 43 43 43 43 46 44 46
0 0 0 0 0 0 1 1 1 1 1 2 2 2 2 2 3 3 4 3 4 4 4 5 5 6 6 6 6 6 7 7 8 8 8 9 9 10 10 12 10 11 12 12 12 13 13 14 14 14 15 15 16 16 17 17 18 18 19 20 21 21 21 22 23 22 23 24 25 26 26 26 27 28 29 30 30 31 31 31 32 33 33 34 34 35 36 37 38 39 40 40 40 42 41 44 44 44 45 46
0 0 0 0 0 0 1 1 1 1 1 2 2 2 3 3 3 3 4 4 4 4 4 5 5 5 6 6 7 6 7 7 8 8 8 9 9 9 10 10 12 11 11 12 13 13 13 14 14 14 15 15 16 17 17 18 18 19 20 19 20 21 21 22 22 23 23 24 25 25 26 28 27 27 28 28 29 30 30 31 32 33 33 35 35 35 39 37 38 39 40 40 40 50 41 43 44 45 44 49
0 0 0 0 0 0 1 1 1 1 1 2 2 2 2 3 3 3 3 4 4 4 4 5 5 5 6 7 6 7 7 7 9 8 8 9 9 10 9 10 11 11 12 12 12 13 13 14 14 14 15 15 16 16 17 18 18 19 19 20 20 21 21 22 22 23 23 24 25 25 26 26 27 27 28 28 31 30 31 32 32 33 33 34 35 36 36 36 38 38 39 40 41 42 42 42 43 44 44 46
0 0 0 0 0 0 1 1 1 1 1 2 2 2 2 2 4 3 3 3 4 4 5 5 5 5 5 6 7 6 7 7 7 9 8 9 9 9 10 12 11 12 12 12 13 13 13 14 15 14 16 16 16 17 18 18 18 19 19 19 20 20 21 22 22 23 23 24 24 25 26 27 27 28 28 29 30 30 31 33 32 33 35 35 35 36 36 37 37 38 40 42 40 42 43 44 43 44 45 46
0 0 0 0 0 0 1 1 1 1 1 2 2 2 2 2 3 3 3 4 4 4 4 5 5 6 6 6 6 7 7 7 7 8 8 9 9 9 10 10 10 11 11 12 12 13 13 14 14 14 15 15 16 17 17 17 18 18 19 19 20 21 21 22 23 23 23 24 25 26 25 26 27 27 29 29 30 30 32 31 32 32 34 34 39 36 37 36 38 40 40 40 41 42 43 44 44 45 45 47
0 0 0 0 0 1 1 1 1 1 1 2 2 2 3 2 3 3 3 4 4 4 4 5 5 5 6 6 6 6 7 8 8 8 8 8 10 9 10 10 11 11 11 12 12 14 13 13 14 15 15 15 16 16 17 18 18 19 19 19 20 20 21 21 23 22 23 24 24 25 26 27 28 29 31 29 29 30 31 31 32 33 33 37 36 35 37 37 37 38 40 40 41 41 43 43 45 45 45 47
0 0 0 0 0 0 1 1 1 1 1 2 2 2 2 2 3 3 3 4 4 4 5 5 5 5 6 6 6 7 7 7 8 8 8 9 9 10 10 10 11 11 12 12 12 12 14 13 14 14 15 16 17 16 17 18 18 18 20 19 20 20 21 22 22 24 23 24 25 26 25 26 27 29 29 29 29 30 31 31 32 34 35 35 35 35 37 38 37 40 39 41 41 42 42 44 44 44 45 47
0 0 0 0 0 1 1 1 1 1 1 2 2 2 3 3 3 3 3 4 4 4 4 4 5 5 6 6 6 7 7 8 8 8 8 9 10 10 10 11 15 11 12 12 12 13 13 14 14 15 15 16 16 16 17 18 18 19 19 20 23 20 22 21 23 23 24 25 25 25 26 26 28 27 28 29 30 30 32 32 32 33 34 35 34 36 37 37 38 39 39 41 40 42 43 42 43 45 46 46
0 0 0 0 0 0 1 1 1 1 1 2 2 2 3 3 3 3 3 3 4 5 4 5 5 5 6 6 6 6 7 7 7 8 8 10 9 14 10 10 11 11 12 12 12 13 13 14 15 15 15 15 16 16 17 17 18 18 19 20 21 21 21 21 22 23 24 25 25 25 26 26 27 28 28 29 30 32 31 32 33 35 34 33 35 35 36 37 38 38 40 40 42 42 43 43 44 44 46 46
0 0 0 0 0 1 1 1 1 1 1 2 2 3 2 2 3 3 3 4 4 4 4 5 5 5 6 6 6 7 7 8 8 10 8 9 9 10 10 10 11 11 11 12 12 13 13 14 14 15 15 16 16 17 17 17 18 19 20 19 20 21 21 22 22 23 24 24 24 25 27 26 27 28 29 28 29 31 31 31 42 32 34 35 34 37 38 37 38 38 39 40 41 42 45 44 43 50 46 47
0 0 0 0 1 1 1 1 1 1 2 2 2 3 2 2 4 3 3 3 4 4 4 5 5 7 5 7 9 6 7 7 8 8 9 9 9 9 10 10 11 11 12 12 12 13 13 14 15 16 15 18 17 16 18 17 18 19 19 19 20 20 21 23 24 23 24 24 26 25 28 28 27 27 28 29 30 31 36 32 34 33 34 34 35 36 37 37 39 38 39 40 41 44 42 43 43 47 53 49
